0.003 0.001 0.000 0.001 0.008 0.000 0.000 0.000 0.000 0.985 0.002
0.003 0.001 0.000 0.001 0.008 0.000 0.000 0.000 0.000 0.985 0.002
0.006 0.002 0.001 0.001 0.011 0.000 0.000 0.000 0.000 0.975 0.004
0.006 0.002 0.001 0.001 0.013 0.000 0.000 0.000 0.000 0.973 0.004
0.004 0.001 0.000 0.001 0.008 0.000 0.000 0.000 0.000 0.984 0.002
0.003 0.001 0.000 0.001 0.008 0.000 0.000 0.000 0.000 0.984 0.002
0.003 0.001 0.000 0.000 0.005 0.000 0.000 0.000 0.000 0.989 0.002
0.009 0.002 0.001 0.002 0.020 0.000 0.000 0.000 0.000 0.957 0.008
0.042 0.005 0.002 0.008 0.054 0.000 0.000 0.000 0.000 0.848 0.039
0.077 0.007 0.003 0.014 0.109 0.001 0.000 0.000 0.000 0.694 0.096
0.091 0.016 0.008 0.034 0.244 0.001 0.000 0.000 0.000 0.459 0.147
0.078 0.018 0.007 0.024 0.226 0.001 0.000 0.000 0.000 0.525 0.121
0.068 0.025 0.013 0.021 0.477 0.001 0.000 0.000 0.000 0.240 0.155
0.088 0.026 0.015 0.028 0.327 0.001 0.000 0.000 0.000 0.330 0.185
0.095 0.017 0.009 0.019 0.311 0.001 0.000 0.000 0.000 0.372 0.175
0.036 0.011 0.003 0.007 0.091 0.000 0.000 0.000 0.000 0.798 0.054
0.133 0.029 0.007 0.114 0.132 0.001 0.000 0.000 0.000 0.193 0.391
0.146 0.020 0.006 0.051 0.149 0.002 0.000 0.000 0.000 0.294 0.330
0.057 0.016 0.004 0.007 0.266 0.001 0.000 0.000 0.000 0.544 0.104
0.042 0.016 0.004 0.011 0.169 0.001 0.000 0.000 0.000 0.638 0.118
0.073 0.029 0.009 0.018 0.290 0.001 0.000 0.000 0.000 0.455 0.125
0.078 0.029 0.013 0.033 0.294 0.001 0.000 0.000 0.000 0.387 0.164
0.054 0.016 0.005 0.008 0.243 0.001 0.000 0.000 0.000 0.613 0.060
0.048 0.051 0.006 0.033 0.457 0.001 0.000 0.000 0.000 0.158 0.245
0.147 0.041 0.009 0.084 0.218 0.003 0.000 0.000 0.000 0.103 0.394
0.185 0.026 0.007 0.089 0.175 0.003 0.000 0.000 0.000 0.229 0.285
0.044 0.087 0.022 0.040 0.202 0.001 0.000 0.000 0.000 0.502 0.102
0.154 0.014 0.006 0.051 0.190 0.003 0.000 0.000 0.000 0.408 0.173
0.035 0.005 0.001 0.011 0.070 0.001 0.000 0.000 0.000 0.836 0.040
0.026 0.005 0.002 0.006 0.048 0.001 0.000 0.000 0.000 0.882 0.030
0.032 0.008 0.002 0.009 0.071 0.001 0.000 0.000 0.000 0.841 0.037
0.056 0.012 0.002 0.009 0.090 0.001 0.000 0.000 0.000 0.763 0.066
0.077 0.006 0.002 0.012 0.082 0.002 0.000 0.000 0.000 0.765 0.054
0.167 0.016 0.006 0.021 0.166 0.003 0.000 0.000 0.000 0.452 0.169
0.251 0.018 0.005 0.028 0.165 0.003 0.000 0.000 0.000 0.295 0.234
0.123 0.019 0.005 0.028 0.151 0.002 0.000 0.000 0.000 0.438 0.235
0.005 0.012 0.000 0.002 0.021 0.000 0.000 0.000 0.000 0.943 0.016
0.000 0.001 0.000 0.000 0.001 0.000 0.000 0.000 0.000 0.998 0.000
0.000 0.000 0.000 0.000 0.000 0.000 0.000 0.000 0.000 0.999 0.000
0.000 0.001 0.000 0.000 0.001 0.000 0.000 0.000 0.000 0.997 0.001
0.000 0.000 0.000 0.000 0.000 0.000 0.000 0.000 0.000 1.000 0.000
0.000 0.000 0.000 0.000 0.000 0.000 0.000 0.000 0.000 0.999 0.000
0.000 0.000 0.000 0.000 0.000 0.000 0.000 0.000 0.000 0.999 0.000
0.000 0.000 0.000 0.000 0.000 0.000 0.000 0.000 0.000 0.999 0.000
0.000 0.000 0.000 0.000 0.000 0.000 0.000 0.000 0.000 0.999 0.000
0.000 0.000 0.000 0.000 0.000 0.000 0.000 0.000 0.000 0.999 0.000
0.000 0.001 0.000 0.000 0.001 0.000 0.000 0.000 0.000 0.998 0.000
0.000 0.000 0.000 0.000 0.001 0.000 0.000 0.000 0.000 0.997 0.001
0.001 0.000 0.000 0.000 0.002 0.000 0.000 0.000 0.000 0.996 0.001
0.003 0.001 0.001 0.002 0.011 0.000 0.000 0.000 0.000 0.973 0.009
0.002 0.002 0.001 0.002 0.008 0.000 0.000 0.000 0.000 0.977 0.008
0.003 0.001 0.001 0.001 0.008 0.000 0.000 0.000 0.000 0.980 0.006
0.006 0.005 0.005 0.004 0.034 0.000 0.000 0.000 0.000 0.925 0.020
0.009 0.002 0.002 0.003 0.021 0.000 0.000 0.000 0.000 0.941 0.020
0.002 0.001 0.001 0.001 0.008 0.000 0.000 0.000 0.000 0.983 0.005
0.001 0.001 0.001 0.001 0.007 0.000 0.000 0.000 0.000 0.986 0.004
0.001 0.001 0.000 0.001 0.007 0.000 0.000 0.000 0.000 0.987 0.004
0.000 0.000 0.000 0.000 0.000 0.000 0.000 0.000 0.000 0.999 0.000
0.000 0.000 0.000 0.000 0.001 0.000 0.000 0.000 0.000 0.998 0.000
0.001 0.001 0.000 0.000 0.007 0.000 0.000 0.000 0.000 0.986 0.003
0.002 0.001 0.000 0.001 0.009 0.000 0.000 0.000 0.000 0.983 0.004
0.011 0.003 0.001 0.002 0.028 0.000 0.000 0.000 0.000 0.943 0.012
0.009 0.002 0.001 0.002 0.019 0.000 0.000 0.000 0.000 0.956 0.010
0.117 0.030 0.010 0.029 0.297 0.002 0.000 0.000 0.000 0.352 0.163
0.123 0.019 0.005 0.055 0.164 0.002 0.000 0.000 0.000 0.230 0.403
0.143 0.017 0.006 0.036 0.097 0.004 0.000 0.000 0.000 0.407 0.289
0.063 0.027 0.010 0.033 0.211 0.001 0.000 0.000 0.000 0.494 0.160
0.145 0.010 0.002 0.027 0.086 0.001 0.000 0.000 0.000 0.467 0.262
0.064 0.034 0.006 0.023 0.383 0.001 0.000 0.000 0.000 0.278 0.211
0.042 0.033 0.010 0.028 0.301 0.001 0.000 0.000 0.000 0.403 0.182
0.142 0.022 0.008 0.067 0.246 0.002 0.000 0.000 0.000 0.226 0.286
0.057 0.009 0.004 0.007 0.094 0.001 0.000 0.000 0.000 0.757 0.071
0.116 0.015 0.004 0.026 0.117 0.001 0.000 0.000 0.000 0.530 0.191
0.132 0.019 0.003 0.028 0.130 0.001 0.000 0.000 0.000 0.476 0.210
0.048 0.010 0.002 0.011 0.081 0.001 0.000 0.000 0.000 0.794 0.054
0.006 0.002 0.000 0.001 0.014 0.000 0.000 0.000 0.000 0.970 0.006
0.056 0.025 0.010 0.024 0.202 0.001 0.000 0.000 0.000 0.555 0.127
0.042 0.015 0.006 0.014 0.373 0.001 0.000 0.000 0.000 0.473 0.076
0.060 0.027 0.010 0.020 0.295 0.001 0.000 0.000 0.000 0.478 0.109
0.083 0.029 0.011 0.028 0.265 0.002 0.000 0.000 0.000 0.430 0.151
0.129 0.015 0.003 0.026 0.142 0.001 0.000 0.000 0.000 0.477 0.208
0.096 0.026 0.011 0.047 0.150 0.001 0.000 0.000 0.000 0.502 0.165
0.094 0.030 0.006 0.032 0.139 0.001 0.000 0.000 0.000 0.553 0.145
0.223 0.014 0.003 0.031 0.124 0.001 0.000 0.000 0.000 0.293 0.311
0.182 0.020 0.004 0.048 0.139 0.001 0.000 0.000 0.000 0.352 0.253
0.089 0.031 0.012 0.036 0.233 0.002 0.001 0.000 0.000 0.464 0.131
0.066 0.033 0.012 0.045 0.300 0.002 0.000 0.000 0.000 0.373 0.168
0.079 0.027 0.011 0.026 0.200 0.001 0.000 0.000 0.000 0.523 0.131
0.049 0.017 0.005 0.018 0.240 0.001 0.000 0.000 0.000 0.585 0.084
0.039 0.015 0.005 0.011 0.327 0.001 0.000 0.000 0.000 0.530 0.072
0.018 0.008 0.003 0.007 0.163 0.001 0.000 0.000 0.000 0.769 0.031
0.025 0.012 0.003 0.006 0.156 0.001 0.000 0.000 0.000 0.762 0.035
0.030 0.006 0.002 0.004 0.047 0.000 0.000 0.000 0.000 0.891 0.020
0.013 0.003 0.001 0.002 0.016 0.000 0.000 0.000 0.000 0.954 0.010
0.005 0.001 0.000 0.001 0.006 0.000 0.000 0.000 0.000 0.984 0.003
0.006 0.002 0.001 0.001 0.007 0.000 0.000 0.000 0.000 0.980 0.004
0.008 0.002 0.000 0.002 0.009 0.000 0.000 0.000 0.000 0.971 0.007
0.003 0.001 0.000 0.001 0.006 0.000 0.000 0.000 0.000 0.986 0.002
0.006 0.002 0.001 0.001 0.011 0.000 0.000 0.000 0.000 0.974 0.005
0.006 0.002 0.000 0.001 0.012 0.000 0.000 0.000 0.000 0.975 0.004
0.003 0.001 0.000 0.001 0.005 0.000 0.000 0.000 0.000 0.989 0.001
0.003 0.001 0.000 0.001 0.005 0.000 0.000 0.000 0.000 0.989 0.001
0.002 0.001 0.000 0.001 0.003 0.000 0.000 0.000 0.000 0.992 0.001
0.003 0.001 0.000 0.001 0.004 0.000 0.000 0.000 0.000 0.991 0.001
0.005 0.001 0.000 0.001 0.006 0.000 0.000 0.000 0.000 0.982 0.003
0.006 0.002 0.000 0.001 0.007 0.000 0.000 0.000 0.000 0.980 0.004
0.008 0.002 0.000 0.001 0.007 0.000 0.000 0.000 0.000 0.978 0.004
0.012 0.003 0.001 0.003 0.015 0.000 0.000 0.000 0.000 0.956 0.010
0.004 0.001 0.000 0.001 0.004 0.000 0.000 0.000 0.000 0.987 0.002
0.004 0.001 0.000 0.001 0.009 0.000 0.000 0.000 0.000 0.980 0.004
0.010 0.003 0.000 0.001 0.025 0.000 0.000 0.000 0.000 0.948 0.012
0.024 0.008 0.002 0.004 0.069 0.001 0.000 0.000 0.000 0.857 0.036
0.145 0.016 0.003 0.020 0.093 0.001 0.000 0.000 0.000 0.551 0.170
0.171 0.013 0.003 0.031 0.140 0.001 0.000 0.000 0.000 0.354 0.286
0.148 0.022 0.006 0.076 0.116 0.002 0.000 0.000 0.000 0.278 0.351
0.147 0.015 0.004 0.056 0.134 0.002 0.000 0.000 0.000 0.240 0.403
0.062 0.026 0.006 0.030 0.281 0.001 0.000 0.000 0.000 0.449 0.145
0.076 0.026 0.012 0.026 0.251 0.002 0.000 0.000 0.000 0.477 0.128
0.061 0.022 0.011 0.024 0.190 0.002 0.000 0.000 0.000 0.568 0.122
0.033 0.011 0.004 0.005 0.061 0.001 0.000 0.000 0.000 0.849 0.036
0.011 0.003 0.001 0.002 0.017 0.000 0.000 0.000 0.000 0.954 0.012
0.002 0.001 0.000 0.000 0.006 0.000 0.000 0.000 0.000 0.988 0.002
0.050 0.017 0.003 0.013 0.100 0.002 0.000 0.000 0.000 0.690 0.124
0.035 0.012 0.004 0.008 0.070 0.002 0.000 0.000 0.000 0.817 0.053
0.022 0.013 0.002 0.007 0.095 0.001 0.000 0.000 0.000 0.826 0.034
0.131 0.080 0.005 0.065 0.318 0.001 0.000 0.000 0.000 0.137 0.261
0.086 0.005 0.001 0.012 0.068 0.000 0.000 0.000 0.000 0.696 0.131
0.071 0.010 0.004 0.016 0.092 0.001 0.000 0.000 0.000 0.706 0.100
0.067 0.013 0.005 0.013 0.124 0.001 0.000 0.000 0.000 0.668 0.108
0.058 0.025 0.008 0.022 0.202 0.001 0.000 0.000 0.000 0.560 0.121
0.074 0.009 0.004 0.017 0.102 0.001 0.000 0.000 0.000 0.701 0.092
0.089 0.013 0.004 0.022 0.106 0.001 0.000 0.000 0.000 0.592 0.173
0.092 0.006 0.002 0.016 0.071 0.001 0.000 0.000 0.000 0.696 0.117
0.085 0.007 0.003 0.014 0.084 0.001 0.000 0.000 0.000 0.684 0.122
0.039 0.011 0.003 0.006 0.133 0.001 0.000 0.000 0.000 0.747 0.059
0.063 0.017 0.010 0.019 0.413 0.001 0.000 0.000 0.000 0.377 0.099
0.051 0.022 0.005 0.014 0.287 0.001 0.000 0.000 0.000 0.540 0.080
0.048 0.014 0.003 0.008 0.119 0.001 0.000 0.000 0.000 0.736 0.071
0.054 0.016 0.004 0.011 0.133 0.001 0.000 0.000 0.000 0.664 0.116
0.056 0.027 0.006 0.021 0.205 0.002 0.000 0.000 0.000 0.537 0.146
0.046 0.015 0.003 0.013 0.155 0.001 0.000 0.000 0.000 0.680 0.086
0.026 0.012 0.003 0.008 0.128 0.001 0.000 0.000 0.000 0.755 0.067
0.036 0.017 0.002 0.007 0.132 0.001 0.000 0.000 0.000 0.717 0.087
0.016 0.018 0.001 0.005 0.048 0.000 0.000 0.000 0.000 0.874 0.038
0.002 0.006 0.000 0.001 0.007 0.000 0.000 0.000 0.000 0.977 0.005
0.001 0.002 0.000 0.001 0.003 0.000 0.000 0.000 0.000 0.991 0.002
0.000 0.001 0.000 0.000 0.000 0.000 0.000 0.000 0.000 0.998 0.000
0.000 0.001 0.000 0.000 0.000 0.000 0.000 0.000 0.000 0.998 0.000
0.000 0.001 0.000 0.000 0.001 0.000 0.000 0.000 0.000 0.998 0.000
0.001 0.003 0.000 0.000 0.002 0.000 0.000 0.000 0.000 0.992 0.002
0.000 0.001 0.000 0.000 0.001 0.000 0.000 0.000 0.000 0.997 0.001
0.005 0.002 0.001 0.001 0.008 0.000 0.000 0.000 0.000 0.981 0.003
0.003 0.001 0.001 0.000 0.004 0.000 0.000 0.000 0.000 0.989 0.002
0.003 0.003 0.001 0.001 0.006 0.000 0.000 0.000 0.000 0.983 0.003
0.004 0.006 0.001 0.001 0.015 0.000 0.000 0.000 0.000 0.966 0.006
0.008 0.009 0.003 0.003 0.039 0.000 0.000 0.000 0.000 0.923 0.015
0.006 0.004 0.001 0.003 0.021 0.000 0.000 0.000 0.000 0.955 0.009
0.001 0.001 0.000 0.000 0.004 0.000 0.000 0.000 0.000 0.992 0.002
0.002 0.000 0.000 0.000 0.003 0.000 0.000 0.000 0.000 0.993 0.001
0.000 0.000 0.000 0.000 0.000 0.000 0.000 0.000 0.000 0.999 0.000
0.000 0.000 0.000 0.000 0.001 0.000 0.000 0.000 0.000 0.999 0.000
0.000 0.000 0.000 0.000 0.000 0.000 0.000 0.000 0.000 0.999 0.000
0.000 0.000 0.000 0.000 0.001 0.000 0.000 0.000 0.000 0.999 0.000
0.000 0.000 0.000 0.000 0.000 0.000 0.000 0.000 0.000 0.999 0.000
0.000 0.000 0.000 0.000 0.001 0.000 0.000 0.000 0.000 0.998 0.000
0.002 0.001 0.000 0.000 0.003 0.000 0.000 0.000 0.000 0.992 0.001
0.001 0.000 0.000 0.000 0.001 0.000 0.000 0.000 0.000 0.997 0.001
0.001 0.000 0.000 0.000 0.001 0.000 0.000 0.000 0.000 0.997 0.000
0.022 0.007 0.004 0.003 0.063 0.001 0.000 0.000 0.000 0.874 0.026
0.091 0.018 0.006 0.025 0.140 0.001 0.000 0.000 0.000 0.495 0.223
0.117 0.013 0.006 0.028 0.151 0.002 0.000 0.000 0.000 0.401 0.281
0.099 0.018 0.011 0.027 0.378 0.002 0.000 0.000 0.000 0.263 0.202
0.163 0.009 0.004 0.023 0.213 0.002 0.000 0.000 0.000 0.369 0.217
0.068 0.004 0.001 0.005 0.051 0.001 0.000 0.000 0.000 0.812 0.059
0.031 0.002 0.000 0.002 0.018 0.000 0.000 0.000 0.000 0.923 0.023
0.125 0.018 0.004 0.032 0.228 0.001 0.000 0.000 0.000 0.351 0.241
0.037 0.141 0.003 0.019 0.213 0.001 0.000 0.000 0.000 0.488 0.097
0.036 0.010 0.004 0.009 0.070 0.001 0.000 0.000 0.000 0.810 0.059
0.057 0.097 0.007 0.018 0.286 0.001 0.000 0.000 0.000 0.388 0.148
0.028 0.008 0.002 0.004 0.056 0.000 0.000 0.000 0.000 0.863 0.037
0.095 0.008 0.002 0.016 0.075 0.000 0.000 0.000 0.000 0.714 0.089
0.100 0.015 0.006 0.023 0.179 0.001 0.000 0.000 0.000 0.578 0.098
0.082 0.015 0.004 0.015 0.168 0.002 0.000 0.000 0.000 0.575 0.138
0.033 0.013 0.004 0.014 0.141 0.001 0.000 0.000 0.000 0.743 0.052
0.091 0.018 0.005 0.057 0.164 0.001 0.000 0.000 0.000 0.398 0.266
0.090 0.039 0.028 0.033 0.321 0.002 0.000 0.000 0.000 0.352 0.135
0.071 0.019 0.008 0.020 0.179 0.001 0.000 0.000 0.000 0.535 0.166
0.054 0.013 0.005 0.009 0.156 0.001 0.000 0.000 0.000 0.677 0.085
0.071 0.006 0.001 0.007 0.055 0.000 0.000 0.000 0.000 0.801 0.059
0.035 0.003 0.000 0.004 0.025 0.000 0.000 0.000 0.000 0.897 0.035
0.048 0.007 0.001 0.006 0.067 0.001 0.000 0.000 0.000 0.808 0.061
0.179 0.013 0.005 0.042 0.301 0.002 0.000 0.000 0.000 0.270 0.187
0.092 0.008 0.002 0.016 0.131 0.001 0.000 0.000 0.000 0.673 0.077
0.078 0.007 0.001 0.010 0.062 0.001 0.000 0.000 0.000 0.768 0.074
0.043 0.005 0.001 0.004 0.039 0.001 0.000 0.000 0.000 0.872 0.034
0.019 0.003 0.001 0.003 0.028 0.000 0.000 0.000 0.000 0.923 0.022
0.012 0.003 0.000 0.002 0.023 0.000 0.000 0.000 0.000 0.947 0.012
0.012 0.003 0.000 0.002 0.021 0.000 0.000 0.000 0.000 0.949 0.012
0.013 0.003 0.001 0.002 0.033 0.000 0.000 0.000 0.000 0.933 0.015
0.033 0.006 0.001 0.005 0.059 0.001 0.000 0.000 0.000 0.841 0.054
0.042 0.012 0.002 0.007 0.125 0.001 0.000 0.000 0.000 0.711 0.101
0.040 0.016 0.004 0.008 0.157 0.001 0.000 0.000 0.000 0.684 0.091
0.003 0.011 0.000 0.001 0.015 0.000 0.000 0.000 0.000 0.962 0.008
0.000 0.000 0.000 0.000 0.000 0.000 0.000 0.000 0.000 0.999 0.000
0.000 0.000 0.000 0.000 0.000 0.000 0.000 0.000 0.000 0.999 0.000
0.005 0.001 0.000 0.000 0.005 0.000 0.000 0.000 0.000 0.985 0.004
0.007 0.001 0.000 0.001 0.008 0.000 0.000 0.000 0.000 0.980 0.004
0.005 0.001 0.000 0.000 0.009 0.000 0.000 0.000 0.000 0.981 0.003
0.003 0.001 0.000 0.000 0.006 0.000 0.000 0.000 0.000 0.989 0.002
0.018 0.002 0.000 0.002 0.026 0.000 0.000 0.000 0.000 0.945 0.008
0.040 0.003 0.000 0.003 0.029 0.000 0.000 0.000 0.000 0.900 0.024
0.041 0.001 0.000 0.001 0.036 0.000 0.000 0.000 0.000 0.904 0.016
0.001 0.002 0.000 0.000 0.001 0.000 0.000 0.000 0.000 0.994 0.001
0.001 0.010 0.000 0.000 0.002 0.000 0.000 0.000 0.000 0.986 0.001
0.000 0.009 0.000 0.000 0.001 0.000 0.000 0.000 0.000 0.988 0.000
0.002 0.005 0.000 0.001 0.005 0.000 0.000 0.000 0.000 0.986 0.002
0.000 0.002 0.000 0.000 0.001 0.000 0.000 0.000 0.000 0.997 0.000
0.000 0.001 0.000 0.000 0.000 0.000 0.000 0.000 0.000 0.998 0.000
0.001 0.003 0.000 0.000 0.003 0.000 0.000 0.000 0.000 0.991 0.001
0.002 0.011 0.000 0.001 0.004 0.000 0.000 0.000 0.000 0.979 0.003
0.002 0.046 0.000 0.001 0.008 0.000 0.000 0.000 0.000 0.938 0.004
0.017 0.050 0.004 0.003 0.052 0.000 0.000 0.000 0.000 0.850 0.024
0.016 0.009 0.002 0.007 0.037 0.000 0.000 0.000 0.000 0.900 0.028
0.001 0.000 0.000 0.000 0.002 0.000 0.000 0.000 0.000 0.996 0.001
0.074 0.018 0.005 0.031 0.139 0.001 0.000 0.000 0.000 0.578 0.153
0.089 0.034 0.010 0.032 0.177 0.002 0.000 0.000 0.000 0.453 0.202
0.029 0.032 0.003 0.014 0.088 0.001 0.000 0.000 0.000 0.698 0.134
0.005 0.028 0.001 0.003 0.043 0.000 0.000 0.000 0.000 0.909 0.011
0.024 0.010 0.002 0.004 0.099 0.000 0.000 0.000 0.000 0.831 0.029
0.043 0.015 0.004 0.008 0.096 0.001 0.000 0.000 0.000 0.770 0.063
0.050 0.007 0.003 0.011 0.062 0.001 0.000 0.000 0.000 0.772 0.094
0.148 0.014 0.003 0.031 0.123 0.001 0.000 0.000 0.000 0.336 0.344
0.148 0.022 0.011 0.057 0.235 0.002 0.000 0.000 0.000 0.215 0.309
0.021 0.004 0.001 0.004 0.042 0.000 0.000 0.000 0.000 0.901 0.026
0.049 0.004 0.001 0.006 0.042 0.001 0.000 0.000 0.000 0.843 0.056
0.041 0.007 0.003 0.009 0.087 0.001 0.000 0.000 0.000 0.807 0.046
0.035 0.011 0.004 0.007 0.127 0.001 0.000 0.000 0.000 0.769 0.045
0.107 0.012 0.004 0.017 0.109 0.002 0.000 0.000 0.000 0.572 0.177
0.057 0.042 0.006 0.024 0.304 0.001 0.000 0.000 0.000 0.350 0.216
0.000 0.001 0.000 0.000 0.000 0.000 0.000 0.000 0.000 0.998 0.000
0.000 0.001 0.000 0.000 0.001 0.000 0.000 0.000 0.000 0.998 0.000
0.000 0.001 0.000 0.000 0.001 0.000 0.000 0.000 0.000 0.998 0.000
0.000 0.001 0.000 0.000 0.001 0.000 0.000 0.000 0.000 0.998 0.000
0.000 0.001 0.000 0.000 0.001 0.000 0.000 0.000 0.000 0.998 0.000
0.000 0.001 0.000 0.000 0.001 0.000 0.000 0.000 0.000 0.998 0.000
0.000 0.001 0.000 0.000 0.001 0.000 0.000 0.000 0.000 0.998 0.000
0.000 0.001 0.000 0.000 0.001 0.000 0.000 0.000 0.000 0.998 0.000
0.000 0.001 0.000 0.000 0.001 0.000 0.000 0.000 0.000 0.997 0.000
0.000 0.000 0.000 0.000 0.001 0.000 0.000 0.000 0.000 0.999 0.000
0.063 0.020 0.004 0.012 0.148 0.001 0.000 0.000 0.000 0.628 0.123
0.016 0.003 0.000 0.003 0.023 0.000 0.000 0.000 0.000 0.914 0.041
0.027 0.002 0.001 0.004 0.028 0.000 0.000 0.000 0.000 0.905 0.034
0.012 0.002 0.000 0.002 0.013 0.000 0.000 0.000 0.000 0.962 0.009
0.011 0.002 0.001 0.002 0.015 0.000 0.000 0.000 0.000 0.957 0.012
0.006 0.002 0.000 0.001 0.010 0.000 0.000 0.000 0.000 0.975 0.006
0.010 0.003 0.001 0.003 0.023 0.000 0.000 0.000 0.000 0.947 0.012
0.006 0.001 0.000 0.001 0.006 0.000 0.000 0.000 0.000 0.981 0.005
0.007 0.002 0.000 0.001 0.008 0.000 0.000 0.000 0.000 0.977 0.005
0.004 0.001 0.000 0.000 0.005 0.000 0.000 0.000 0.000 0.987 0.002
0.003 0.000 0.000 0.000 0.003 0.000 0.000 0.000 0.000 0.991 0.002
0.005 0.000 0.000 0.001 0.005 0.000 0.000 0.000 0.000 0.986 0.003
0.002 0.000 0.000 0.000 0.003 0.000 0.000 0.000 0.000 0.993 0.001
0.002 0.000 0.000 0.000 0.003 0.000 0.000 0.000 0.000 0.993 0.001
0.002 0.000 0.000 0.000 0.003 0.000 0.000 0.000 0.000 0.992 0.001
0.014 0.001 0.000 0.002 0.012 0.000 0.000 0.000 0.000 0.960 0.011
0.015 0.001 0.000 0.001 0.012 0.000 0.000 0.000 0.000 0.959 0.012
0.041 0.003 0.001 0.007 0.042 0.000 0.000 0.000 0.000 0.855 0.051
0.050 0.015 0.004 0.020 0.119 0.001 0.000 0.000 0.000 0.708 0.083
0.077 0.032 0.013 0.037 0.304 0.001 0.000 0.000 0.000 0.359 0.177
0.082 0.039 0.006 0.048 0.227 0.001 0.000 0.000 0.000 0.449 0.147
0.166 0.071 0.010 0.040 0.198 0.002 0.000 0.000 0.000 0.216 0.297
0.238 0.026 0.009 0.079 0.131 0.005 0.000 0.000 0.000 0.207 0.304
0.160 0.013 0.004 0.063 0.187 0.002 0.000 0.000 0.000 0.227 0.343
0.071 0.017 0.005 0.033 0.275 0.001 0.000 0.000 0.000 0.375 0.223
0.050 0.016 0.004 0.012 0.294 0.001 0.000 0.000 0.000 0.542 0.081
0.054 0.016 0.003 0.011 0.210 0.001 0.000 0.000 0.000 0.629 0.076
0.047 0.012 0.002 0.017 0.157 0.001 0.000 0.000 0.000 0.677 0.086
0.057 0.024 0.004 0.020 0.268 0.001 0.000 0.000 0.000 0.453 0.173
0.051 0.041 0.007 0.026 0.190 0.001 0.000 0.000 0.000 0.587 0.098
0.117 0.019 0.006 0.024 0.150 0.001 0.000 0.000 0.000 0.468 0.214
0.174 0.005 0.001 0.012 0.069 0.001 0.000 0.000 0.000 0.510 0.227
0.044 0.012 0.003 0.008 0.101 0.001 0.000 0.000 0.000 0.754 0.077
0.055 0.029 0.010 0.022 0.221 0.001 0.000 0.000 0.000 0.524 0.137
0.093 0.033 0.013 0.020 0.313 0.001 0.000 0.000 0.000 0.411 0.115
0.146 0.023 0.007 0.030 0.271 0.003 0.000 0.000 0.000 0.294 0.225
0.151 0.021 0.004 0.036 0.119 0.007 0.000 0.000 0.000 0.475 0.186
0.170 0.023 0.004 0.051 0.124 0.007 0.000 0.000 0.000 0.413 0.207
0.136 0.017 0.005 0.040 0.257 0.004 0.000 0.000 0.000 0.390 0.151
0.112 0.016 0.004 0.022 0.228 0.002 0.000 0.000 0.000 0.504 0.112
0.059 0.024 0.007 0.029 0.272 0.002 0.000 0.000 0.000 0.497 0.109
0.198 0.012 0.003 0.031 0.135 0.002 0.000 0.000 0.000 0.294 0.325
0.332 0.004 0.001 0.023 0.074 0.001 0.000 0.000 0.000 0.173 0.390
0.109 0.005 0.001 0.014 0.097 0.001 0.000 0.000 0.000 0.547 0.226
0.086 0.016 0.006 0.019 0.161 0.001 0.000 0.000 0.000 0.515 0.195
0.075 0.020 0.008 0.021 0.228 0.002 0.000 0.000 0.000 0.459 0.187
0.055 0.022 0.009 0.016 0.292 0.001 0.000 0.000 0.000 0.481 0.122
0.077 0.030 0.010 0.017 0.271 0.001 0.000 0.000 0.000 0.440 0.153
0.082 0.029 0.004 0.023 0.252 0.001 0.000 0.000 0.000 0.383 0.226
0.067 0.019 0.003 0.013 0.171 0.001 0.000 0.000 0.000 0.582 0.143
0.070 0.030 0.008 0.030 0.323 0.001 0.000 0.000 0.000 0.346 0.193
0.152 0.025 0.013 0.038 0.351 0.003 0.000 0.000 0.000 0.206 0.213
0.089 0.015 0.011 0.034 0.173 0.001 0.000 0.000 0.000 0.536 0.142
0.083 0.031 0.012 0.058 0.180 0.002 0.000 0.000 0.000 0.415 0.219
0.122 0.033 0.010 0.045 0.176 0.001 0.000 0.000 0.000 0.352 0.260
0.185 0.015 0.004 0.055 0.145 0.001 0.000 0.000 0.000 0.247 0.348
0.084 0.016 0.007 0.034 0.160 0.001 0.000 0.000 0.000 0.547 0.150
0.067 0.028 0.010 0.034 0.212 0.001 0.000 0.000 0.000 0.453 0.195
0.065 0.010 0.007 0.012 0.340 0.001 0.000 0.000 0.000 0.456 0.109
0.048 0.016 0.006 0.011 0.301 0.001 0.000 0.000 0.000 0.524 0.093
0.037 0.011 0.004 0.007 0.282 0.001 0.000 0.000 0.000 0.591 0.068
0.071 0.022 0.006 0.013 0.367 0.001 0.000 0.000 0.000 0.312 0.207
0.041 0.029 0.013 0.017 0.258 0.001 0.000 0.000 0.000 0.477 0.164
0.048 0.034 0.017 0.038 0.240 0.001 0.000 0.000 0.000 0.451 0.170
0.083 0.040 0.015 0.050 0.216 0.001 0.000 0.000 0.000 0.382 0.213
0.108 0.033 0.008 0.034 0.239 0.001 0.000 0.000 0.000 0.328 0.248
0.106 0.014 0.004 0.033 0.138 0.002 0.000 0.000 0.000 0.465 0.239
0.107 0.016 0.005 0.017 0.170 0.002 0.000 0.000 0.000 0.496 0.187
0.000 0.001 0.000 0.000 0.000 0.000 0.000 0.000 0.000 0.999 0.000
0.000 0.001 0.000 0.000 0.000 0.000 0.000 0.000 0.000 0.998 0.000
0.000 0.000 0.000 0.000 0.000 0.000 0.000 0.000 0.000 0.999 0.000
0.000 0.000 0.000 0.000 0.000 0.000 0.000 0.000 0.000 1.000 0.000
0.000 0.000 0.000 0.000 0.000 0.000 0.000 0.000 0.000 1.000 0.000
0.000 0.000 0.000 0.000 0.000 0.000 0.000 0.000 0.000 1.000 0.000
0.000 0.004 0.000 0.000 0.001 0.000 0.000 0.000 0.000 0.995 0.000
0.000 0.001 0.000 0.000 0.000 0.000 0.000 0.000 0.000 0.999 0.000
0.000 0.005 0.000 0.000 0.000 0.000 0.000 0.000 0.000 0.994 0.000
0.001 0.025 0.000 0.000 0.003 0.000 0.000 0.000 0.000 0.968 0.002
0.012 0.093 0.027 0.010 0.060 0.000 0.000 0.000 0.000 0.776 0.022
0.018 0.037 0.019 0.006 0.153 0.001 0.000 0.000 0.000 0.695 0.071
0.031 0.020 0.003 0.005 0.087 0.001 0.000 0.000 0.000 0.775 0.079
0.066 0.023 0.013 0.016 0.513 0.002 0.000 0.000 0.000 0.193 0.175
0.126 0.033 0.033 0.062 0.349 0.002 0.000 0.000 0.000 0.246 0.149
0.155 0.015 0.006 0.024 0.207 0.001 0.000 0.000 0.000 0.322 0.269
0.105 0.017 0.006 0.021 0.213 0.001 0.000 0.000 0.000 0.405 0.231
0.081 0.016 0.006 0.017 0.523 0.001 0.000 0.000 0.000 0.227 0.129
0.054 0.014 0.002 0.007 0.149 0.001 0.000 0.000 0.000 0.693 0.081
0.067 0.015 0.005 0.010 0.399 0.001 0.000 0.000 0.000 0.403 0.100
0.050 0.020 0.006 0.013 0.256 0.001 0.000 0.000 0.000 0.590 0.064
0.024 0.008 0.002 0.005 0.127 0.001 0.000 0.000 0.000 0.809 0.025
0.011 0.005 0.001 0.003 0.042 0.000 0.000 0.000 0.000 0.925 0.012
0.041 0.074 0.007 0.025 0.326 0.001 0.000 0.000 0.000 0.420 0.107
0.045 0.176 0.004 0.020 0.268 0.000 0.000 0.000 0.000 0.363 0.124
0.123 0.018 0.007 0.027 0.237 0.002 0.000 0.000 0.000 0.402 0.185
0.094 0.018 0.004 0.031 0.167 0.001 0.000 0.000 0.000 0.494 0.190
0.078 0.031 0.007 0.027 0.218 0.002 0.000 0.000 0.000 0.390 0.248
0.080 0.037 0.009 0.019 0.200 0.002 0.000 0.000 0.000 0.473 0.179
0.124 0.016 0.004 0.016 0.161 0.001 0.000 0.000 0.000 0.463 0.214
0.101 0.017 0.004 0.015 0.140 0.001 0.000 0.000 0.000 0.541 0.180
0.141 0.040 0.010 0.050 0.265 0.002 0.000 0.000 0.000 0.322 0.169
0.051 0.018 0.004 0.017 0.235 0.001 0.000 0.000 0.000 0.575 0.100
0.094 0.025 0.006 0.036 0.279 0.001 0.000 0.000 0.000 0.296 0.262
0.107 0.056 0.015 0.028 0.319 0.002 0.000 0.000 0.000 0.235 0.237
0.106 0.028 0.011 0.024 0.220 0.001 0.000 0.000 0.000 0.450 0.159
0.047 0.017 0.004 0.009 0.109 0.001 0.000 0.000 0.000 0.755 0.058
0.025 0.009 0.003 0.005 0.057 0.001 0.000 0.000 0.000 0.865 0.035
0.027 0.010 0.003 0.005 0.050 0.001 0.000 0.000 0.000 0.870 0.034
0.088 0.012 0.003 0.012 0.105 0.001 0.000 0.000 0.000 0.675 0.104
0.012 0.013 0.068 0.014 0.192 0.001 0.000 0.000 0.000 0.662 0.039
0.013 0.005 0.042 0.005 0.195 0.000 0.000 0.000 0.000 0.711 0.029
0.002 0.004 0.001 0.001 0.030 0.000 0.000 0.000 0.000 0.955 0.007
0.001 0.003 0.000 0.001 0.004 0.000 0.000 0.000 0.000 0.987 0.003
0.000 0.000 0.000 0.000 0.000 0.000 0.000 0.000 0.000 0.999 0.000
0.000 0.001 0.000 0.000 0.001 0.000 0.000 0.000 0.000 0.997 0.000
0.000 0.001 0.000 0.000 0.000 0.000 0.000 0.000 0.000 0.998 0.000
0.000 0.001 0.000 0.000 0.001 0.000 0.000 0.000 0.000 0.998 0.000
0.000 0.001 0.000 0.000 0.001 0.000 0.000 0.000 0.000 0.998 0.000
0.001 0.003 0.001 0.000 0.006 0.000 0.000 0.000 0.000 0.987 0.001
0.015 0.022 0.005 0.004 0.062 0.000 0.000 0.000 0.000 0.867 0.025
0.026 0.011 0.006 0.006 0.167 0.000 0.000 0.000 0.000 0.738 0.047
0.017 0.004 0.002 0.003 0.032 0.000 0.000 0.000 0.000 0.913 0.028
0.018 0.005 0.002 0.002 0.038 0.000 0.000 0.000 0.000 0.893 0.041
0.004 0.001 0.000 0.001 0.006 0.000 0.000 0.000 0.000 0.981 0.007
0.003 0.001 0.000 0.001 0.004 0.000 0.000 0.000 0.000 0.987 0.003
0.003 0.001 0.000 0.001 0.004 0.000 0.000 0.000 0.000 0.989 0.002
0.002 0.001 0.000 0.000 0.003 0.000 0.000 0.000 0.000 0.991 0.002
0.007 0.001 0.000 0.001 0.007 0.000 0.000 0.000 0.000 0.978 0.006
0.003 0.001 0.000 0.000 0.003 0.000 0.000 0.000 0.000 0.991 0.002
0.002 0.001 0.000 0.000 0.003 0.000 0.000 0.000 0.000 0.992 0.002
0.006 0.001 0.000 0.001 0.007 0.000 0.000 0.000 0.000 0.981 0.004
0.033 0.006 0.001 0.007 0.042 0.000 0.000 0.000 0.000 0.868 0.041
0.134 0.022 0.006 0.043 0.178 0.001 0.000 0.000 0.000 0.373 0.243
0.113 0.016 0.009 0.029 0.228 0.001 0.000 0.000 0.000 0.278 0.326
0.050 0.129 0.016 0.028 0.270 0.001 0.000 0.000 0.000 0.354 0.151
0.012 0.182 0.002 0.005 0.092 0.000 0.000 0.000 0.000 0.688 0.020
0.029 0.343 0.006 0.029 0.171 0.001 0.000 0.000 0.000 0.344 0.077
0.106 0.120 0.012 0.065 0.313 0.002 0.000 0.000 0.000 0.195 0.186
0.157 0.039 0.013 0.055 0.202 0.004 0.000 0.000 0.000 0.326 0.203
0.108 0.033 0.016 0.041 0.186 0.003 0.000 0.000 0.000 0.492 0.120
0.083 0.021 0.010 0.034 0.168 0.002 0.000 0.000 0.000 0.541 0.141
0.112 0.023 0.007 0.059 0.125 0.002 0.000 0.000 0.000 0.457 0.217
0.102 0.026 0.011 0.072 0.167 0.001 0.000 0.000 0.000 0.274 0.346
0.107 0.006 0.003 0.079 0.088 0.001 0.000 0.000 0.000 0.081 0.635
0.102 0.034 0.014 0.049 0.217 0.001 0.000 0.000 0.000 0.283 0.300
0.060 0.047 0.027 0.027 0.459 0.002 0.000 0.000 0.000 0.189 0.188
0.023 0.036 0.072 0.018 0.299 0.001 0.000 0.000 0.000 0.511 0.041
0.067 0.024 0.011 0.022 0.387 0.001 0.000 0.000 0.000 0.380 0.108
0.086 0.014 0.005 0.022 0.127 0.001 0.000 0.000 0.000 0.558 0.186
0.057 0.014 0.021 0.010 0.484 0.001 0.000 0.000 0.000 0.297 0.115
0.082 0.033 0.010 0.015 0.207 0.001 0.000 0.000 0.000 0.514 0.137
0.035 0.009 0.004 0.008 0.106 0.001 0.000 0.000 0.000 0.769 0.068
0.145 0.013 0.003 0.026 0.164 0.002 0.000 0.000 0.000 0.207 0.440
0.075 0.025 0.008 0.023 0.299 0.001 0.000 0.000 0.000 0.314 0.254
0.110 0.023 0.009 0.022 0.247 0.001 0.000 0.000 0.000 0.378 0.208
0.056 0.017 0.004 0.010 0.134 0.001 0.000 0.000 0.000 0.669 0.107
0.033 0.013 0.003 0.007 0.116 0.001 0.000 0.000 0.000 0.765 0.061
0.034 0.014 0.003 0.007 0.194 0.001 0.000 0.000 0.000 0.695 0.052
0.062 0.017 0.005 0.012 0.424 0.001 0.000 0.000 0.000 0.373 0.104
0.090 0.026 0.009 0.020 0.261 0.001 0.000 0.000 0.000 0.495 0.098
0.078 0.018 0.009 0.014 0.168 0.001 0.000 0.000 0.000 0.607 0.104
0.018 0.007 0.002 0.004 0.031 0.000 0.000 0.000 0.000 0.916 0.021
0.100 0.028 0.013 0.036 0.227 0.002 0.000 0.000 0.000 0.421 0.172
0.059 0.032 0.010 0.027 0.240 0.001 0.000 0.000 0.000 0.483 0.148
0.087 0.034 0.021 0.035 0.306 0.001 0.000 0.000 0.000 0.365 0.151
0.105 0.029 0.009 0.052 0.154 0.002 0.000 0.000 0.000 0.439 0.210
0.168 0.021 0.004 0.042 0.155 0.003 0.000 0.000 0.000 0.327 0.280
0.104 0.010 0.003 0.011 0.090 0.001 0.000 0.000 0.000 0.661 0.120
0.115 0.025 0.008 0.036 0.173 0.002 0.000 0.000 0.000 0.473 0.167
0.167 0.032 0.012 0.036 0.188 0.003 0.000 0.000 0.000 0.463 0.099
0.136 0.005 0.003 0.067 0.061 0.002 0.000 0.000 0.000 0.079 0.647
0.064 0.022 0.008 0.024 0.324 0.001 0.000 0.000 0.000 0.443 0.112
0.036 0.011 0.003 0.008 0.169 0.001 0.000 0.000 0.000 0.723 0.049
0.078 0.014 0.003 0.021 0.114 0.001 0.000 0.000 0.000 0.609 0.160
0.084 0.023 0.006 0.021 0.176 0.001 0.000 0.000 0.000 0.548 0.140
0.097 0.032 0.012 0.026 0.370 0.002 0.000 0.000 0.000 0.288 0.173
0.113 0.026 0.018 0.047 0.223 0.001 0.000 0.000 0.000 0.347 0.225
0.052 0.024 0.007 0.017 0.283 0.001 0.000 0.000 0.000 0.530 0.086
0.044 0.014 0.004 0.011 0.143 0.001 0.000 0.000 0.000 0.709 0.074
0.009 0.002 0.000 0.001 0.019 0.000 0.000 0.000 0.000 0.961 0.007
0.009 0.019 0.001 0.002 0.037 0.000 0.000 0.000 0.000 0.916 0.016
0.005 0.021 0.000 0.001 0.016 0.000 0.000 0.000 0.000 0.948 0.009
0.001 0.001 0.000 0.000 0.001 0.000 0.000 0.000 0.000 0.997 0.001
0.000 0.000 0.000 0.000 0.000 0.000 0.000 0.000 0.000 0.999 0.000
0.000 0.000 0.000 0.000 0.000 0.000 0.000 0.000 0.000 0.999 0.000
0.000 0.000 0.000 0.000 0.000 0.000 0.000 0.000 0.000 0.999 0.000
0.002 0.000 0.000 0.000 0.001 0.000 0.000 0.000 0.000 0.995 0.001
0.005 0.001 0.000 0.000 0.002 0.000 0.000 0.000 0.000 0.989 0.002
0.001 0.001 0.000 0.000 0.001 0.000 0.000 0.000 0.000 0.997 0.000
0.000 0.000 0.000 0.000 0.001 0.000 0.000 0.000 0.000 0.998 0.000
0.001 0.001 0.000 0.000 0.001 0.000 0.000 0.000 0.000 0.995 0.002
0.001 0.001 0.000 0.000 0.002 0.000 0.000 0.000 0.000 0.993 0.002
0.000 0.001 0.000 0.000 0.002 0.000 0.000 0.000 0.000 0.994 0.002
0.000 0.001 0.000 0.000 0.001 0.000 0.000 0.000 0.000 0.997 0.001
0.000 0.001 0.000 0.000 0.002 0.000 0.000 0.000 0.000 0.996 0.001
0.000 0.001 0.000 0.000 0.001 0.000 0.000 0.000 0.000 0.997 0.000
0.000 0.001 0.000 0.000 0.000 0.000 0.000 0.000 0.000 0.998 0.000
0.000 0.001 0.000 0.000 0.000 0.000 0.000 0.000 0.000 0.998 0.000
0.003 0.022 0.000 0.001 0.008 0.000 0.000 0.000 0.000 0.964 0.002
0.003 0.028 0.001 0.001 0.006 0.000 0.000 0.000 0.000 0.959 0.001
0.005 0.027 0.002 0.001 0.016 0.000 0.000 0.000 0.000 0.941 0.006
0.001 0.006 0.000 0.000 0.002 0.000 0.000 0.000 0.000 0.989 0.002
0.005 0.022 0.001 0.001 0.011 0.000 0.000 0.000 0.000 0.952 0.008
0.003 0.008 0.001 0.001 0.006 0.000 0.000 0.000 0.000 0.979 0.003
0.015 0.025 0.003 0.003 0.066 0.000 0.000 0.000 0.000 0.860 0.029
0.007 0.004 0.002 0.002 0.026 0.000 0.000 0.000 0.000 0.949 0.010
0.010 0.002 0.001 0.002 0.019 0.000 0.000 0.000 0.000 0.956 0.010
0.003 0.001 0.000 0.000 0.006 0.000 0.000 0.000 0.000 0.987 0.002
0.001 0.000 0.000 0.000 0.002 0.000 0.000 0.000 0.000 0.995 0.001
0.002 0.000 0.000 0.000 0.002 0.000 0.000 0.000 0.000 0.995 0.001
0.054 0.004 0.002 0.008 0.051 0.001 0.000 0.000 0.000 0.801 0.079
0.028 0.010 0.003 0.010 0.066 0.001 0.000 0.000 0.000 0.832 0.049
0.064 0.029 0.011 0.036 0.211 0.002 0.000 0.000 0.000 0.425 0.221
0.177 0.079 0.019 0.056 0.249 0.002 0.000 0.000 0.000 0.213 0.204
0.072 0.019 0.006 0.044 0.169 0.002 0.000 0.000 0.000 0.505 0.183
0.066 0.017 0.004 0.020 0.206 0.002 0.000 0.000 0.000 0.576 0.109
0.069 0.026 0.008 0.024 0.211 0.001 0.000 0.000 0.000 0.533 0.128
0.081 0.028 0.005 0.033 0.278 0.001 0.000 0.000 0.000 0.346 0.228
0.050 0.044 0.008 0.025 0.257 0.001 0.000 0.000 0.000 0.388 0.227
0.017 0.029 0.002 0.008 0.137 0.000 0.000 0.000 0.000 0.735 0.071
0.010 0.029 0.002 0.010 0.091 0.000 0.000 0.000 0.000 0.839 0.019
0.164 0.027 0.007 0.074 0.147 0.002 0.000 0.000 0.000 0.271 0.306
0.059 0.019 0.007 0.018 0.323 0.001 0.000 0.000 0.000 0.426 0.146
0.075 0.022 0.005 0.015 0.268 0.001 0.000 0.000 0.000 0.440 0.174
0.081 0.026 0.014 0.037 0.263 0.001 0.000 0.000 0.000 0.383 0.194
0.126 0.032 0.012 0.067 0.212 0.002 0.000 0.000 0.000 0.293 0.257
0.161 0.026 0.007 0.060 0.174 0.002 0.000 0.000 0.000 0.285 0.285
0.069 0.014 0.004 0.018 0.102 0.001 0.000 0.000 0.000 0.694 0.098
0.085 0.009 0.003 0.011 0.140 0.001 0.000 0.000 0.000 0.595 0.154
0.058 0.010 0.003 0.010 0.103 0.001 0.000 0.000 0.000 0.693 0.122
0.073 0.017 0.006 0.016 0.179 0.001 0.000 0.000 0.000 0.557 0.151
0.044 0.017 0.006 0.011 0.268 0.001 0.000 0.000 0.000 0.543 0.110
0.128 0.016 0.005 0.024 0.199 0.001 0.000 0.000 0.000 0.427 0.198
0.088 0.004 0.001 0.010 0.060 0.001 0.000 0.000 0.000 0.771 0.066
0.070 0.024 0.009 0.024 0.240 0.001 0.000 0.000 0.000 0.433 0.199
0.040 0.035 0.007 0.021 0.411 0.001 0.000 0.000 0.000 0.323 0.162
0.021 0.029 0.003 0.007 0.548 0.000 0.000 0.000 0.000 0.332 0.060
0.036 0.045 0.009 0.017 0.233 0.001 0.000 0.000 0.000 0.575 0.084
0.053 0.066 0.007 0.012 0.342 0.001 0.000 0.000 0.000 0.402 0.118
0.277 0.022 0.005 0.043 0.187 0.006 0.000 0.000 0.000 0.183 0.278
0.177 0.016 0.005 0.029 0.228 0.003 0.000 0.000 0.000 0.374 0.168
0.027 0.021 0.009 0.016 0.062 0.001 0.000 0.000 0.000 0.820 0.043
0.057 0.012 0.005 0.008 0.176 0.001 0.000 0.000 0.000 0.620 0.120
0.032 0.012 0.003 0.006 0.160 0.001 0.000 0.000 0.000 0.711 0.075
0.077 0.023 0.007 0.013 0.210 0.001 0.000 0.000 0.000 0.547 0.121
0.017 0.002 0.001 0.001 0.023 0.000 0.000 0.000 0.000 0.942 0.014
0.035 0.009 0.004 0.008 0.079 0.001 0.000 0.000 0.000 0.811 0.053
0.069 0.026 0.012 0.043 0.231 0.001 0.000 0.000 0.000 0.470 0.147
0.066 0.014 0.006 0.014 0.131 0.001 0.000 0.000 0.000 0.680 0.088
0.052 0.014 0.005 0.015 0.136 0.001 0.000 0.000 0.000 0.670 0.107
0.049 0.014 0.005 0.011 0.110 0.001 0.000 0.000 0.000 0.717 0.093
0.013 0.007 0.002 0.005 0.153 0.000 0.000 0.000 0.000 0.796 0.022
0.036 0.012 0.006 0.010 0.231 0.001 0.000 0.000 0.000 0.644 0.060
0.052 0.012 0.005 0.010 0.221 0.001 0.000 0.000 0.000 0.634 0.065
0.026 0.006 0.002 0.004 0.079 0.001 0.000 0.000 0.000 0.855 0.028
0.007 0.002 0.000 0.001 0.046 0.000 0.000 0.000 0.000 0.936 0.007
0.001 0.001 0.000 0.000 0.014 0.000 0.000 0.000 0.000 0.981 0.002
0.002 0.001 0.000 0.001 0.016 0.000 0.000 0.000 0.000 0.977 0.003
0.001 0.001 0.000 0.001 0.015 0.000 0.000 0.000 0.000 0.980 0.002
0.003 0.001 0.000 0.000 0.003 0.000 0.000 0.000 0.000 0.990 0.002
0.002 0.001 0.000 0.000 0.002 0.000 0.000 0.000 0.000 0.992 0.002
0.017 0.002 0.000 0.003 0.018 0.000 0.000 0.000 0.000 0.941 0.019
0.003 0.001 0.000 0.000 0.002 0.000 0.000 0.000 0.000 0.993 0.001
0.004 0.002 0.000 0.001 0.006 0.000 0.000 0.000 0.000 0.983 0.004
0.003 0.001 0.000 0.000 0.006 0.000 0.000 0.000 0.000 0.985 0.004
0.002 0.001 0.000 0.000 0.003 0.000 0.000 0.000 0.000 0.991 0.002
0.002 0.001 0.000 0.000 0.003 0.000 0.000 0.000 0.000 0.992 0.002
0.000 0.001 0.000 0.000 0.001 0.000 0.000 0.000 0.000 0.998 0.000
0.000 0.000 0.000 0.000 0.000 0.000 0.000 0.000 0.000 0.999 0.000
0.000 0.000 0.000 0.000 0.000 0.000 0.000 0.000 0.000 0.999 0.000
0.000 0.000 0.000 0.000 0.000 0.000 0.000 0.000 0.000 0.999 0.000
0.000 0.001 0.000 0.000 0.001 0.000 0.000 0.000 0.000 0.997 0.001
0.000 0.004 0.000 0.000 0.001 0.000 0.000 0.000 0.000 0.994 0.001
0.001 0.005 0.000 0.000 0.001 0.000 0.000 0.000 0.000 0.991 0.002
0.011 0.020 0.001 0.003 0.019 0.000 0.000 0.000 0.000 0.932 0.014
0.033 0.051 0.005 0.012 0.066 0.001 0.000 0.000 0.000 0.794 0.038
0.006 0.002 0.001 0.001 0.011 0.000 0.000 0.000 0.000 0.972 0.006
0.002 0.000 0.000 0.000 0.004 0.000 0.000 0.000 0.000 0.991 0.002
0.193 0.011 0.001 0.028 0.142 0.001 0.000 0.000 0.000 0.288 0.336
0.088 0.035 0.018 0.029 0.234 0.003 0.000 0.000 0.000 0.459 0.133
0.082 0.030 0.010 0.027 0.166 0.001 0.000 0.000 0.000 0.530 0.154
0.066 0.022 0.006 0.026 0.174 0.001 0.000 0.000 0.000 0.559 0.145
0.088 0.031 0.014 0.044 0.197 0.001 0.000 0.000 0.000 0.365 0.259
0.064 0.067 0.010 0.050 0.281 0.001 0.000 0.000 0.000 0.351 0.175
0.081 0.181 0.008 0.034 0.327 0.001 0.000 0.000 0.000 0.170 0.197
0.112 0.033 0.008 0.035 0.321 0.001 0.000 0.000 0.000 0.268 0.222
0.078 0.047 0.012 0.026 0.256 0.001 0.000 0.000 0.000 0.457 0.124
0.188 0.026 0.009 0.050 0.192 0.002 0.000 0.000 0.000 0.294 0.239
0.140 0.020 0.007 0.075 0.153 0.002 0.000 0.000 0.000 0.280 0.324
0.173 0.013 0.004 0.072 0.108 0.003 0.000 0.000 0.000 0.184 0.443
0.092 0.026 0.010 0.035 0.205 0.002 0.000 0.000 0.000 0.316 0.313
0.050 0.038 0.016 0.024 0.267 0.001 0.000 0.000 0.000 0.512 0.092
0.034 0.024 0.026 0.020 0.193 0.001 0.000 0.000 0.000 0.657 0.047
0.059 0.019 0.007 0.016 0.300 0.001 0.000 0.000 0.000 0.476 0.121
0.031 0.013 0.004 0.014 0.252 0.001 0.000 0.000 0.000 0.611 0.073
0.016 0.034 0.003 0.009 0.147 0.000 0.000 0.000 0.000 0.730 0.061
0.096 0.032 0.004 0.033 0.308 0.001 0.000 0.000 0.000 0.248 0.278
0.070 0.016 0.006 0.020 0.195 0.001 0.000 0.000 0.000 0.574 0.118
0.139 0.028 0.006 0.049 0.203 0.002 0.000 0.000 0.000 0.335 0.238
0.100 0.024 0.013 0.032 0.356 0.002 0.000 0.000 0.000 0.267 0.206
0.112 0.030 0.016 0.034 0.349 0.002 0.000 0.000 0.000 0.250 0.206
0.153 0.006 0.002 0.013 0.091 0.001 0.000 0.000 0.000 0.542 0.192
0.033 0.002 0.001 0.003 0.026 0.000 0.000 0.000 0.000 0.905 0.030
0.114 0.020 0.008 0.043 0.185 0.002 0.000 0.000 0.000 0.386 0.241
0.087 0.016 0.004 0.028 0.130 0.001 0.000 0.000 0.000 0.512 0.221
0.073 0.022 0.009 0.030 0.154 0.001 0.000 0.000 0.000 0.553 0.156
0.075 0.019 0.005 0.021 0.128 0.001 0.000 0.000 0.000 0.625 0.125
0.068 0.021 0.009 0.035 0.204 0.001 0.000 0.000 0.000 0.438 0.223
0.035 0.008 0.002 0.006 0.205 0.000 0.000 0.000 0.000 0.677 0.067
0.106 0.029 0.012 0.032 0.325 0.002 0.000 0.000 0.000 0.345 0.148
0.036 0.037 0.010 0.011 0.177 0.001 0.000 0.000 0.000 0.645 0.083
0.008 0.002 0.000 0.003 0.032 0.000 0.000 0.000 0.000 0.942 0.012
0.028 0.017 0.002 0.011 0.174 0.001 0.000 0.000 0.000 0.649 0.119
0.001 0.002 0.000 0.000 0.002 0.000 0.000 0.000 0.000 0.993 0.002
0.005 0.012 0.009 0.005 0.028 0.000 0.000 0.000 0.000 0.924 0.015
0.005 0.002 0.001 0.001 0.017 0.000 0.000 0.000 0.000 0.964 0.010
0.036 0.010 0.002 0.012 0.087 0.001 0.000 0.000 0.000 0.784 0.068
0.206 0.025 0.009 0.062 0.192 0.003 0.000 0.000 0.000 0.223 0.279
0.329 0.008 0.002 0.056 0.127 0.004 0.000 0.000 0.000 0.115 0.359
0.057 0.036 0.006 0.030 0.224 0.001 0.000 0.000 0.000 0.482 0.165
0.053 0.040 0.010 0.019 0.321 0.001 0.000 0.000 0.000 0.371 0.186
0.089 0.016 0.005 0.018 0.226 0.003 0.000 0.000 0.000 0.502 0.140
0.151 0.012 0.002 0.037 0.162 0.001 0.000 0.000 0.000 0.401 0.234
0.111 0.028 0.006 0.040 0.201 0.002 0.000 0.000 0.000 0.315 0.297
0.090 0.043 0.014 0.032 0.215 0.002 0.000 0.000 0.000 0.354 0.248
0.006 0.042 0.002 0.003 0.053 0.000 0.000 0.000 0.000 0.881 0.013
0.056 0.203 0.007 0.026 0.226 0.001 0.000 0.000 0.000 0.353 0.127
0.112 0.182 0.012 0.068 0.314 0.003 0.000 0.000 0.000 0.097 0.212
0.160 0.018 0.004 0.040 0.154 0.003 0.000 0.000 0.000 0.442 0.178
0.037 0.170 0.004 0.012 0.207 0.001 0.000 0.000 0.000 0.522 0.048
0.104 0.182 0.010 0.028 0.272 0.001 0.000 0.000 0.000 0.223 0.180
0.150 0.073 0.007 0.038 0.217 0.002 0.000 0.000 0.000 0.260 0.253
0.189 0.019 0.007 0.054 0.159 0.002 0.000 0.000 0.000 0.263 0.307
0.043 0.006 0.003 0.008 0.080 0.001 0.000 0.000 0.000 0.789 0.070
0.033 0.008 0.003 0.009 0.092 0.001 0.000 0.000 0.000 0.795 0.059
0.037 0.015 0.005 0.012 0.230 0.001 0.000 0.000 0.000 0.612 0.087
0.072 0.015 0.003 0.015 0.252 0.001 0.000 0.000 0.000 0.424 0.218
0.037 0.015 0.005 0.012 0.171 0.001 0.000 0.000 0.000 0.625 0.134
0.025 0.024 0.002 0.008 0.196 0.000 0.000 0.000 0.000 0.637 0.108
0.006 0.012 0.001 0.003 0.028 0.000 0.000 0.000 0.000 0.936 0.015
0.017 0.023 0.011 0.011 0.075 0.001 0.000 0.000 0.000 0.833 0.028
0.112 0.028 0.012 0.053 0.193 0.001 0.000 0.000 0.000 0.408 0.193
0.124 0.027 0.008 0.038 0.227 0.001 0.000 0.000 0.000 0.355 0.219
0.132 0.015 0.004 0.036 0.107 0.002 0.000 0.000 0.000 0.441 0.263
0.216 0.005 0.002 0.025 0.076 0.001 0.000 0.000 0.000 0.258 0.417
0.087 0.008 0.003 0.022 0.110 0.001 0.000 0.000 0.000 0.617 0.152
0.054 0.011 0.004 0.013 0.110 0.001 0.000 0.000 0.000 0.740 0.068
0.021 0.009 0.003 0.007 0.089 0.000 0.000 0.000 0.000 0.827 0.043
0.028 0.012 0.005 0.010 0.365 0.000 0.000 0.000 0.000 0.527 0.053
0.024 0.017 0.006 0.009 0.356 0.001 0.000 0.000 0.000 0.533 0.056
0.039 0.024 0.005 0.012 0.248 0.001 0.000 0.000 0.000 0.576 0.095
0.031 0.014 0.003 0.007 0.136 0.001 0.000 0.000 0.000 0.716 0.092
0.077 0.020 0.008 0.018 0.319 0.002 0.000 0.000 0.000 0.338 0.217
0.019 0.012 0.006 0.005 0.313 0.001 0.000 0.000 0.000 0.613 0.032
0.039 0.007 0.003 0.006 0.404 0.001 0.000 0.000 0.000 0.450 0.091
0.038 0.014 0.005 0.011 0.275 0.001 0.000 0.000 0.000 0.577 0.079
0.063 0.024 0.008 0.013 0.325 0.001 0.000 0.000 0.000 0.448 0.118
0.065 0.020 0.006 0.023 0.311 0.001 0.000 0.000 0.000 0.423 0.151
