0.110 0.025 0.017 0.056 0.326 0.001 0.000 0.000 0.000 0.205 0.259
0.217 0.002 0.003 0.023 0.164 0.001 0.000 0.000 0.000 0.050 0.541
0.113 0.007 0.010 0.016 0.535 0.001 0.000 0.000 0.000 0.076 0.242
0.120 0.007 0.008 0.013 0.470 0.001 0.000 0.000 0.000 0.101 0.280
0.132 0.012 0.012 0.021 0.440 0.001 0.000 0.000 0.000 0.115 0.266
0.082 0.009 0.025 0.017 0.350 0.001 0.000 0.000 0.000 0.195 0.321
0.150 0.018 0.017 0.037 0.274 0.002 0.000 0.000 0.000 0.273 0.229
0.117 0.011 0.007 0.022 0.338 0.001 0.000 0.000 0.000 0.274 0.229
0.140 0.012 0.010 0.021 0.300 0.001 0.000 0.000 0.000 0.227 0.288
0.125 0.049 0.047 0.091 0.145 0.002 0.000 0.000 0.000 0.207 0.333
0.173 0.015 0.011 0.070 0.206 0.004 0.000 0.000 0.000 0.122 0.399
0.133 0.022 0.018 0.055 0.247 0.002 0.000 0.000 0.000 0.193 0.330
0.136 0.033 0.023 0.039 0.265 0.002 0.000 0.000 0.000 0.209 0.293
0.111 0.017 0.005 0.028 0.172 0.002 0.000 0.000 0.000 0.293 0.370
0.084 0.012 0.004 0.023 0.147 0.001 0.000 0.000 0.000 0.436 0.292
0.100 0.014 0.005 0.017 0.197 0.001 0.000 0.000 0.000 0.394 0.272
0.156 0.009 0.004 0.022 0.213 0.002 0.000 0.000 0.000 0.264 0.330
0.169 0.007 0.003 0.036 0.132 0.002 0.000 0.000 0.000 0.259 0.391
0.235 0.007 0.007 0.054 0.204 0.002 0.000 0.000 0.000 0.152 0.338
0.116 0.023 0.013 0.034 0.284 0.001 0.000 0.000 0.000 0.291 0.236
0.113 0.014 0.006 0.035 0.172 0.002 0.000 0.000 0.000 0.351 0.307
0.203 0.014 0.007 0.036 0.144 0.003 0.000 0.000 0.000 0.288 0.305
0.117 0.016 0.012 0.029 0.166 0.002 0.000 0.000 0.000 0.469 0.186
0.075 0.016 0.012 0.028 0.225 0.001 0.000 0.000 0.000 0.446 0.197
0.068 0.026 0.012 0.028 0.205 0.001 0.000 0.000 0.000 0.497 0.163
0.089 0.026 0.010 0.024 0.224 0.001 0.000 0.000 0.000 0.445 0.180
0.063 0.016 0.008 0.016 0.144 0.001 0.000 0.000 0.000 0.579 0.174
0.021 0.006 0.003 0.006 0.050 0.000 0.000 0.000 0.000 0.841 0.073
0.018 0.004 0.002 0.005 0.039 0.000 0.000 0.000 0.000 0.872 0.059
0.014 0.005 0.002 0.005 0.025 0.000 0.000 0.000 0.000 0.899 0.050
0.025 0.007 0.004 0.011 0.059 0.000 0.000 0.000 0.000 0.799 0.095
0.025 0.009 0.004 0.007 0.073 0.000 0.000 0.000 0.000 0.794 0.088
0.023 0.006 0.004 0.006 0.064 0.000 0.000 0.000 0.000 0.832 0.064
0.013 0.004 0.001 0.003 0.027 0.000 0.000 0.000 0.000 0.906 0.046
0.019 0.005 0.002 0.005 0.037 0.000 0.000 0.000 0.000 0.844 0.088
0.007 0.004 0.001 0.004 0.019 0.000 0.000 0.000 0.000 0.934 0.032
0.004 0.002 0.001 0.002 0.015 0.000 0.000 0.000 0.000 0.951 0.024
0.024 0.003 0.001 0.005 0.036 0.000 0.000 0.000 0.000 0.859 0.071
0.028 0.003 0.003 0.005 0.047 0.000 0.000 0.000 0.000 0.815 0.098
0.030 0.004 0.002 0.006 0.055 0.000 0.000 0.000 0.000 0.794 0.109
0.023 0.004 0.003 0.005 0.089 0.000 0.000 0.000 0.000 0.794 0.082
0.031 0.004 0.003 0.005 0.061 0.000 0.000 0.000 0.000 0.807 0.089
0.023 0.005 0.002 0.004 0.050 0.000 0.000 0.000 0.000 0.837 0.078
0.031 0.006 0.003 0.005 0.067 0.000 0.000 0.000 0.000 0.769 0.118
0.027 0.006 0.002 0.006 0.051 0.000 0.000 0.000 0.000 0.801 0.106
0.030 0.008 0.005 0.010 0.103 0.000 0.000 0.000 0.000 0.743 0.102
0.023 0.004 0.003 0.005 0.051 0.000 0.000 0.000 0.000 0.841 0.072
0.022 0.006 0.003 0.006 0.052 0.000 0.000 0.000 0.000 0.796 0.116
0.009 0.005 0.001 0.003 0.031 0.000 0.000 0.000 0.000 0.910 0.042
0.009 0.005 0.002 0.003 0.033 0.000 0.000 0.000 0.000 0.916 0.032
0.015 0.005 0.002 0.005 0.033 0.000 0.000 0.000 0.000 0.876 0.064
0.009 0.003 0.001 0.003 0.027 0.000 0.000 0.000 0.000 0.898 0.058
0.007 0.003 0.002 0.002 0.023 0.000 0.000 0.000 0.000 0.942 0.022
0.005 0.003 0.002 0.004 0.013 0.000 0.000 0.000 0.000 0.955 0.018
0.004 0.002 0.001 0.002 0.006 0.000 0.000 0.000 0.000 0.970 0.015
0.023 0.011 0.002 0.006 0.028 0.000 0.000 0.000 0.000 0.898 0.032
0.058 0.028 0.009 0.028 0.261 0.000 0.000 0.000 0.000 0.468 0.147
0.063 0.025 0.009 0.034 0.384 0.001 0.000 0.000 0.000 0.333 0.151
0.050 0.013 0.011 0.022 0.257 0.001 0.000 0.000 0.000 0.507 0.139
0.063 0.009 0.006 0.018 0.261 0.001 0.000 0.000 0.000 0.421 0.221
0.064 0.009 0.008 0.013 0.280 0.001 0.000 0.000 0.000 0.432 0.192
0.079 0.010 0.009 0.020 0.238 0.001 0.000 0.000 0.000 0.455 0.187
0.044 0.015 0.007 0.018 0.183 0.001 0.000 0.000 0.000 0.552 0.181
0.041 0.008 0.007 0.013 0.219 0.000 0.000 0.000 0.000 0.537 0.175
0.126 0.010 0.004 0.026 0.156 0.001 0.000 0.000 0.000 0.353 0.324
0.148 0.016 0.007 0.030 0.270 0.001 0.000 0.000 0.000 0.287 0.240
0.106 0.028 0.008 0.034 0.223 0.001 0.000 0.000 0.000 0.309 0.289
0.102 0.024 0.010 0.034 0.251 0.001 0.000 0.000 0.000 0.340 0.237
0.078 0.024 0.010 0.027 0.358 0.000 0.000 0.000 0.000 0.292 0.211
0.120 0.041 0.018 0.037 0.224 0.001 0.000 0.000 0.001 0.324 0.234
0.131 0.040 0.014 0.046 0.230 0.001 0.000 0.000 0.000 0.258 0.278
0.182 0.022 0.017 0.035 0.270 0.002 0.000 0.000 0.000 0.209 0.263
0.157 0.014 0.005 0.041 0.254 0.001 0.000 0.000 0.000 0.201 0.325
0.225 0.018 0.016 0.038 0.215 0.003 0.000 0.000 0.000 0.133 0.352
0.144 0.029 0.013 0.030 0.295 0.001 0.000 0.000 0.000 0.279 0.209
0.180 0.040 0.021 0.061 0.193 0.003 0.000 0.000 0.000 0.187 0.315
0.108 0.033 0.009 0.031 0.244 0.001 0.000 0.000 0.000 0.331 0.241
0.118 0.023 0.006 0.023 0.258 0.001 0.000 0.000 0.000 0.290 0.281
0.145 0.024 0.010 0.033 0.255 0.001 0.000 0.000 0.000 0.273 0.258
0.093 0.009 0.007 0.015 0.209 0.001 0.000 0.000 0.000 0.415 0.250
0.058 0.007 0.006 0.014 0.171 0.001 0.000 0.000 0.000 0.564 0.180
0.072 0.004 0.005 0.008 0.305 0.001 0.000 0.000 0.000 0.402 0.203
0.038 0.005 0.005 0.006 0.166 0.000 0.000 0.000 0.000 0.687 0.092
0.057 0.007 0.008 0.013 0.229 0.001 0.000 0.000 0.000 0.541 0.144
0.055 0.009 0.009 0.013 0.181 0.001 0.000 0.000 0.000 0.618 0.113
0.042 0.005 0.006 0.009 0.194 0.001 0.000 0.000 0.000 0.630 0.112
0.046 0.005 0.007 0.009 0.177 0.001 0.000 0.000 0.000 0.629 0.125
0.035 0.004 0.005 0.007 0.169 0.000 0.000 0.000 0.000 0.679 0.100
0.032 0.005 0.005 0.007 0.161 0.000 0.000 0.000 0.000 0.687 0.102
0.035 0.003 0.004 0.005 0.142 0.000 0.000 0.000 0.000 0.727 0.084
0.025 0.004 0.004 0.004 0.108 0.000 0.000 0.000 0.000 0.791 0.065
0.031 0.005 0.005 0.006 0.113 0.000 0.000 0.000 0.000 0.755 0.084
0.038 0.008 0.006 0.009 0.123 0.000 0.000 0.000 0.000 0.703 0.113
0.035 0.007 0.005 0.011 0.169 0.000 0.000 0.000 0.000 0.668 0.103
0.036 0.006 0.007 0.007 0.178 0.000 0.000 0.000 0.000 0.647 0.119
0.040 0.005 0.012 0.009 0.166 0.000 0.000 0.000 0.000 0.613 0.156
0.019 0.004 0.010 0.005 0.057 0.000 0.000 0.000 0.000 0.835 0.070
0.024 0.005 0.008 0.007 0.080 0.000 0.000 0.000 0.000 0.801 0.076
0.014 0.004 0.003 0.003 0.052 0.000 0.000 0.000 0.000 0.877 0.046
0.016 0.004 0.002 0.005 0.065 0.000 0.000 0.000 0.000 0.848 0.061
0.015 0.003 0.002 0.004 0.046 0.000 0.000 0.000 0.000 0.900 0.030
0.024 0.004 0.002 0.005 0.051 0.000 0.000 0.000 0.000 0.848 0.067
0.020 0.005 0.002 0.007 0.057 0.000 0.000 0.000 0.000 0.834 0.075
0.010 0.003 0.001 0.004 0.041 0.000 0.000 0.000 0.000 0.911 0.030
0.018 0.004 0.002 0.004 0.063 0.000 0.000 0.000 0.000 0.855 0.055
0.023 0.006 0.003 0.007 0.054 0.000 0.000 0.000 0.000 0.818 0.089
0.012 0.003 0.001 0.003 0.043 0.000 0.000 0.000 0.000 0.886 0.054
0.015 0.003 0.002 0.005 0.065 0.000 0.000 0.000 0.000 0.851 0.060
0.027 0.004 0.003 0.009 0.081 0.000 0.000 0.000 0.000 0.746 0.130
0.012 0.004 0.002 0.006 0.047 0.000 0.000 0.000 0.000 0.849 0.080
0.023 0.009 0.003 0.010 0.137 0.000 0.000 0.000 0.000 0.693 0.126
0.007 0.007 0.003 0.004 0.076 0.000 0.000 0.000 0.000 0.834 0.069
0.002 0.005 0.001 0.002 0.019 0.000 0.000 0.000 0.000 0.939 0.031
0.006 0.002 0.001 0.003 0.017 0.000 0.000 0.000 0.000 0.925 0.048
0.014 0.005 0.001 0.005 0.032 0.000 0.000 0.000 0.000 0.866 0.078
0.015 0.007 0.002 0.010 0.030 0.000 0.000 0.000 0.000 0.801 0.135
0.006 0.006 0.001 0.003 0.016 0.000 0.000 0.000 0.000 0.918 0.050
0.000 0.001 0.000 0.000 0.001 0.000 0.000 0.000 0.000 0.994 0.003
0.001 0.001 0.001 0.000 0.003 0.000 0.000 0.000 0.000 0.991 0.004
0.004 0.009 0.004 0.002 0.038 0.000 0.000 0.000 0.000 0.927 0.015
0.006 0.006 0.002 0.002 0.027 0.000 0.000 0.000 0.000 0.948 0.010
0.109 0.016 0.007 0.016 0.384 0.000 0.000 0.000 0.000 0.093 0.375
0.021 0.328 0.023 0.025 0.218 0.000 0.000 0.000 0.000 0.300 0.085
0.112 0.008 0.006 0.011 0.636 0.001 0.000 0.000 0.000 0.094 0.133
0.075 0.007 0.008 0.010 0.609 0.000 0.000 0.000 0.000 0.168 0.122
0.054 0.006 0.006 0.009 0.642 0.000 0.000 0.000 0.000 0.195 0.087
0.039 0.002 0.002 0.003 0.130 0.000 0.000 0.000 0.000 0.746 0.078
0.222 0.062 0.012 0.117 0.254 0.003 0.000 0.000 0.000 0.034 0.296
0.070 0.011 0.013 0.019 0.522 0.001 0.000 0.000 0.000 0.228 0.136
0.148 0.008 0.003 0.016 0.284 0.000 0.000 0.000 0.000 0.217 0.324
0.025 0.003 0.002 0.004 0.055 0.000 0.000 0.000 0.000 0.866 0.044
0.085 0.003 0.004 0.009 0.325 0.001 0.000 0.000 0.000 0.229 0.344
0.077 0.008 0.007 0.011 0.267 0.000 0.000 0.000 0.000 0.256 0.374
0.093 0.006 0.007 0.016 0.292 0.002 0.000 0.000 0.000 0.345 0.239
0.016 0.001 0.001 0.002 0.054 0.000 0.000 0.000 0.000 0.891 0.035
0.017 0.003 0.002 0.005 0.060 0.000 0.000 0.000 0.000 0.867 0.045
0.046 0.006 0.018 0.011 0.756 0.001 0.000 0.000 0.000 0.093 0.069
0.022 0.008 0.008 0.006 0.104 0.000 0.000 0.000 0.000 0.780 0.072
0.002 0.001 0.900 0.002 0.011 0.000 0.000 0.000 0.000 0.078 0.006
0.010 0.003 0.007 0.004 0.091 0.000 0.000 0.000 0.000 0.854 0.030
0.016 0.005 0.024 0.005 0.164 0.000 0.000 0.000 0.000 0.748 0.038
0.067 0.017 0.013 0.018 0.238 0.001 0.000 0.000 0.000 0.458 0.188
0.016 0.002 0.004 0.003 0.141 0.000 0.000 0.000 0.000 0.800 0.035
0.018 0.002 0.002 0.002 0.062 0.000 0.000 0.000 0.000 0.867 0.046
0.010 0.002 0.003 0.002 0.081 0.000 0.000 0.000 0.000 0.868 0.035
0.008 0.001 0.001 0.001 0.048 0.000 0.000 0.000 0.000 0.929 0.013
0.017 0.002 0.002 0.002 0.046 0.000 0.000 0.000 0.000 0.905 0.027
0.011 0.003 0.002 0.002 0.059 0.000 0.000 0.000 0.000 0.889 0.035
0.018 0.003 0.004 0.003 0.131 0.000 0.000 0.000 0.000 0.803 0.037
0.023 0.003 0.003 0.002 0.086 0.000 0.000 0.000 0.000 0.832 0.051
0.025 0.004 0.003 0.002 0.122 0.000 0.000 0.000 0.000 0.782 0.062
0.014 0.005 0.004 0.002 0.135 0.000 0.000 0.000 0.000 0.800 0.039
0.034 0.006 0.005 0.006 0.135 0.000 0.000 0.000 0.000 0.742 0.072
0.017 0.004 0.004 0.003 0.122 0.000 0.000 0.000 0.000 0.798 0.051
0.025 0.009 0.006 0.007 0.148 0.000 0.000 0.000 0.000 0.722 0.082
0.028 0.007 0.006 0.006 0.145 0.000 0.000 0.000 0.000 0.734 0.072
0.031 0.005 0.005 0.005 0.135 0.000 0.000 0.000 0.000 0.737 0.081
0.021 0.004 0.004 0.004 0.119 0.000 0.000 0.000 0.000 0.795 0.054
0.015 0.004 0.002 0.003 0.068 0.000 0.000 0.000 0.000 0.865 0.044
0.021 0.006 0.006 0.003 0.171 0.000 0.000 0.000 0.000 0.725 0.068
0.018 0.004 0.003 0.003 0.070 0.000 0.000 0.000 0.000 0.852 0.050
0.008 0.002 0.001 0.002 0.070 0.000 0.000 0.000 0.000 0.887 0.030
0.016 0.003 0.002 0.004 0.079 0.000 0.000 0.000 0.000 0.837 0.059
0.016 0.003 0.002 0.004 0.091 0.000 0.000 0.000 0.000 0.829 0.054
0.007 0.002 0.001 0.002 0.049 0.000 0.000 0.000 0.000 0.905 0.033
0.007 0.005 0.003 0.003 0.086 0.000 0.000 0.000 0.000 0.868 0.028
0.018 0.013 0.007 0.005 0.115 0.000 0.000 0.000 0.000 0.810 0.032
0.027 0.015 0.003 0.007 0.114 0.000 0.000 0.000 0.000 0.759 0.075
0.021 0.009 0.002 0.008 0.082 0.000 0.000 0.000 0.000 0.808 0.070
0.064 0.015 0.003 0.013 0.123 0.000 0.000 0.000 0.000 0.632 0.150
0.004 0.001 0.001 0.001 0.010 0.000 0.000 0.000 0.000 0.973 0.011
0.010 0.003 0.002 0.003 0.025 0.000 0.000 0.000 0.000 0.921 0.037
0.005 0.001 0.001 0.001 0.012 0.000 0.000 0.000 0.000 0.965 0.015
0.004 0.001 0.001 0.001 0.009 0.000 0.000 0.000 0.000 0.969 0.015
0.008 0.003 0.003 0.003 0.023 0.000 0.000 0.000 0.000 0.920 0.040
0.004 0.001 0.001 0.001 0.012 0.000 0.000 0.000 0.000 0.965 0.015
0.005 0.001 0.001 0.001 0.011 0.000 0.000 0.000 0.000 0.966 0.016
0.008 0.001 0.001 0.001 0.019 0.000 0.000 0.000 0.000 0.936 0.034
0.010 0.002 0.001 0.002 0.024 0.000 0.000 0.000 0.000 0.920 0.041
0.009 0.002 0.001 0.002 0.023 0.000 0.000 0.000 0.000 0.928 0.034
0.007 0.002 0.001 0.001 0.015 0.000 0.000 0.000 0.000 0.953 0.021
0.010 0.002 0.001 0.002 0.024 0.000 0.000 0.000 0.000 0.927 0.033
0.007 0.002 0.001 0.002 0.021 0.000 0.000 0.000 0.000 0.947 0.020
0.009 0.002 0.002 0.001 0.031 0.000 0.000 0.000 0.000 0.929 0.027
0.008 0.002 0.002 0.002 0.023 0.000 0.000 0.000 0.000 0.930 0.033
0.007 0.001 0.001 0.002 0.021 0.000 0.000 0.000 0.000 0.938 0.030
0.003 0.001 0.001 0.001 0.010 0.000 0.000 0.000 0.000 0.970 0.014
0.005 0.001 0.001 0.001 0.009 0.000 0.000 0.000 0.000 0.966 0.017
0.006 0.002 0.002 0.001 0.014 0.000 0.000 0.000 0.000 0.957 0.017
0.007 0.003 0.002 0.004 0.020 0.000 0.000 0.000 0.000 0.941 0.023
0.008 0.003 0.002 0.003 0.019 0.000 0.000 0.000 0.000 0.943 0.022
0.003 0.001 0.001 0.002 0.010 0.000 0.000 0.000 0.000 0.970 0.013
0.000 0.000 0.000 0.000 0.000 0.000 0.000 0.000 0.000 0.998 0.001
0.003 0.001 0.002 0.001 0.005 0.000 0.000 0.000 0.000 0.981 0.008
0.006 0.001 0.001 0.001 0.006 0.000 0.000 0.000 0.000 0.974 0.010
0.101 0.021 0.010 0.019 0.155 0.001 0.000 0.000 0.000 0.401 0.292
0.074 0.022 0.007 0.022 0.138 0.001 0.000 0.000 0.000 0.494 0.242
0.121 0.029 0.013 0.041 0.224 0.002 0.000 0.000 0.000 0.222 0.347
0.097 0.015 0.014 0.023 0.293 0.001 0.000 0.000 0.000 0.287 0.269
0.086 0.029 0.077 0.040 0.239 0.001 0.000 0.000 0.000 0.231 0.295
0.092 0.026 0.015 0.032 0.263 0.001 0.000 0.000 0.000 0.312 0.258
0.135 0.039 0.020 0.040 0.278 0.003 0.001 0.001 0.001 0.259 0.226
0.127 0.039 0.013 0.034 0.299 0.002 0.000 0.000 0.000 0.241 0.244
0.182 0.007 0.005 0.030 0.124 0.002 0.000 0.000 0.000 0.360 0.290
0.103 0.027 0.024 0.047 0.287 0.003 0.000 0.000 0.001 0.289 0.219
0.124 0.018 0.011 0.033 0.451 0.001 0.000 0.000 0.000 0.137 0.224
0.104 0.021 0.010 0.017 0.281 0.001 0.000 0.000 0.000 0.342 0.223
0.121 0.014 0.008 0.012 0.254 0.001 0.000 0.000 0.000 0.393 0.196
0.089 0.016 0.010 0.017 0.331 0.001 0.000 0.000 0.000 0.251 0.283
0.074 0.012 0.009 0.014 0.205 0.001 0.000 0.000 0.000 0.491 0.193
0.033 0.008 0.007 0.011 0.115 0.000 0.000 0.000 0.000 0.747 0.078
0.031 0.009 0.008 0.011 0.108 0.000 0.000 0.000 0.000 0.762 0.070
0.028 0.009 0.004 0.005 0.076 0.000 0.000 0.000 0.000 0.817 0.060
0.019 0.010 0.003 0.004 0.074 0.000 0.000 0.000 0.000 0.840 0.050
0.027 0.010 0.003 0.007 0.076 0.000 0.000 0.000 0.000 0.807 0.069
0.026 0.007 0.004 0.006 0.101 0.000 0.000 0.000 0.000 0.775 0.081
0.020 0.005 0.003 0.004 0.060 0.000 0.000 0.000 0.000 0.854 0.054
0.025 0.007 0.002 0.005 0.063 0.000 0.000 0.000 0.000 0.809 0.088
0.017 0.004 0.003 0.004 0.063 0.000 0.000 0.000 0.000 0.861 0.048
0.014 0.005 0.003 0.002 0.055 0.000 0.000 0.000 0.000 0.874 0.047
0.016 0.006 0.004 0.003 0.052 0.000 0.000 0.000 0.000 0.856 0.064
0.019 0.005 0.006 0.005 0.058 0.000 0.000 0.000 0.000 0.817 0.089
0.020 0.005 0.002 0.006 0.055 0.000 0.000 0.000 0.000 0.848 0.063
0.008 0.002 0.001 0.001 0.030 0.000 0.000 0.000 0.000 0.925 0.032
0.023 0.005 0.004 0.005 0.049 0.000 0.000 0.000 0.000 0.832 0.081
0.021 0.005 0.003 0.004 0.050 0.000 0.000 0.000 0.000 0.853 0.063
0.010 0.003 0.002 0.002 0.033 0.000 0.000 0.000 0.000 0.916 0.034
0.013 0.003 0.002 0.002 0.035 0.000 0.000 0.000 0.000 0.899 0.045
0.017 0.003 0.003 0.002 0.044 0.000 0.000 0.000 0.000 0.873 0.057
0.014 0.003 0.002 0.001 0.031 0.000 0.000 0.000 0.000 0.903 0.045
0.011 0.003 0.002 0.002 0.030 0.000 0.000 0.000 0.000 0.905 0.046
0.015 0.004 0.002 0.003 0.036 0.000 0.000 0.000 0.000 0.892 0.049
0.008 0.003 0.002 0.001 0.024 0.000 0.000 0.000 0.000 0.933 0.028
0.008 0.004 0.002 0.002 0.040 0.000 0.000 0.000 0.000 0.914 0.028
0.006 0.002 0.002 0.001 0.022 0.000 0.000 0.000 0.000 0.949 0.017
0.016 0.003 0.003 0.002 0.037 0.000 0.000 0.000 0.000 0.885 0.054
0.006 0.001 0.001 0.001 0.015 0.000 0.000 0.000 0.000 0.953 0.022
0.000 0.000 0.000 0.000 0.000 0.000 0.000 0.000 0.000 0.998 0.001
0.008 0.005 0.006 0.002 0.025 0.000 0.000 0.000 0.000 0.937 0.017
0.050 0.029 0.017 0.011 0.153 0.000 0.000 0.000 0.000 0.572 0.167
0.055 0.008 0.007 0.010 0.191 0.001 0.000 0.000 0.000 0.595 0.133
0.039 0.005 0.005 0.006 0.174 0.000 0.000 0.000 0.000 0.670 0.101
0.024 0.003 0.004 0.003 0.134 0.000 0.000 0.000 0.000 0.768 0.063
0.021 0.003 0.003 0.004 0.116 0.000 0.000 0.000 0.000 0.778 0.076
0.028 0.003 0.005 0.005 0.152 0.000 0.000 0.000 0.000 0.691 0.116
0.047 0.007 0.006 0.008 0.185 0.001 0.000 0.000 0.000 0.571 0.175
0.028 0.008 0.007 0.006 0.147 0.000 0.000 0.000 0.000 0.738 0.064
0.041 0.018 0.010 0.011 0.145 0.001 0.000 0.000 0.000 0.671 0.102
0.079 0.030 0.012 0.029 0.220 0.001 0.000 0.000 0.000 0.468 0.160
0.052 0.033 0.008 0.025 0.136 0.001 0.000 0.000 0.000 0.618 0.126
0.047 0.034 0.007 0.024 0.091 0.000 0.000 0.000 0.000 0.721 0.076
0.018 0.022 0.004 0.014 0.055 0.000 0.000 0.000 0.000 0.852 0.036
0.012 0.011 0.002 0.008 0.034 0.000 0.000 0.000 0.000 0.909 0.023
0.010 0.008 0.003 0.007 0.037 0.000 0.000 0.000 0.000 0.915 0.020
0.009 0.007 0.003 0.008 0.028 0.000 0.000 0.000 0.000 0.931 0.013
0.009 0.012 0.004 0.010 0.021 0.000 0.000 0.000 0.000 0.925 0.019
0.029 0.055 0.009 0.024 0.065 0.000 0.000 0.000 0.000 0.738 0.078
0.033 0.049 0.009 0.022 0.072 0.000 0.000 0.000 0.000 0.746 0.068
0.086 0.277 0.013 0.059 0.252 0.001 0.000 0.000 0.000 0.127 0.186
0.179 0.007 0.005 0.029 0.159 0.002 0.000 0.000 0.000 0.288 0.331
0.104 0.010 0.014 0.032 0.155 0.002 0.000 0.000 0.000 0.475 0.207
0.104 0.017 0.015 0.025 0.242 0.001 0.000 0.000 0.000 0.414 0.182
0.069 0.013 0.016 0.023 0.188 0.001 0.000 0.000 0.000 0.547 0.144
0.055 0.015 0.011 0.017 0.224 0.000 0.000 0.000 0.000 0.573 0.104
0.074 0.017 0.019 0.027 0.226 0.001 0.000 0.000 0.000 0.503 0.133
0.065 0.017 0.014 0.019 0.155 0.001 0.000 0.000 0.000 0.587 0.142
0.054 0.008 0.016 0.014 0.185 0.001 0.000 0.000 0.000 0.587 0.135
0.084 0.017 0.018 0.023 0.308 0.001 0.000 0.000 0.000 0.344 0.205
0.047 0.013 0.021 0.015 0.181 0.000 0.000 0.000 0.000 0.616 0.107
0.060 0.018 0.032 0.018 0.200 0.001 0.000 0.000 0.000 0.564 0.108
0.086 0.011 0.009 0.016 0.236 0.001 0.000 0.000 0.000 0.502 0.140
0.074 0.016 0.013 0.014 0.320 0.001 0.000 0.000 0.000 0.423 0.138
0.085 0.020 0.018 0.019 0.280 0.001 0.000 0.000 0.000 0.390 0.187
0.087 0.020 0.013 0.020 0.284 0.001 0.000 0.000 0.000 0.381 0.193
0.109 0.018 0.014 0.038 0.280 0.001 0.000 0.000 0.000 0.345 0.193
0.107 0.019 0.014 0.021 0.252 0.001 0.000 0.000 0.000 0.373 0.212
0.115 0.023 0.014 0.026 0.229 0.001 0.000 0.000 0.000 0.346 0.245
0.125 0.030 0.008 0.036 0.347 0.001 0.000 0.000 0.000 0.232 0.221
0.086 0.006 0.008 0.010 0.136 0.001 0.000 0.000 0.000 0.579 0.174
0.090 0.007 0.010 0.013 0.136 0.001 0.000 0.000 0.000 0.571 0.172
0.027 0.011 0.518 0.036 0.131 0.000 0.000 0.000 0.000 0.154 0.122
0.084 0.017 0.023 0.041 0.220 0.001 0.000 0.000 0.000 0.363 0.252
0.107 0.013 0.024 0.025 0.328 0.001 0.000 0.000 0.000 0.342 0.160
0.069 0.014 0.013 0.016 0.226 0.001 0.000 0.000 0.000 0.518 0.144
0.077 0.009 0.010 0.016 0.154 0.001 0.000 0.000 0.000 0.565 0.166
0.049 0.010 0.011 0.012 0.159 0.000 0.000 0.000 0.000 0.622 0.136
0.035 0.010 0.010 0.010 0.133 0.000 0.000 0.000 0.000 0.679 0.122
0.042 0.006 0.009 0.010 0.135 0.000 0.000 0.000 0.000 0.689 0.108
0.024 0.007 0.004 0.006 0.069 0.000 0.000 0.000 0.000 0.827 0.062
0.017 0.003 0.004 0.004 0.062 0.000 0.000 0.000 0.000 0.858 0.052
0.021 0.004 0.003 0.005 0.069 0.000 0.000 0.000 0.000 0.836 0.061
0.022 0.006 0.004 0.006 0.099 0.000 0.000 0.000 0.000 0.786 0.077
0.022 0.006 0.004 0.007 0.086 0.000 0.000 0.000 0.000 0.818 0.056
0.034 0.007 0.006 0.008 0.106 0.000 0.000 0.000 0.000 0.767 0.072
0.031 0.007 0.007 0.009 0.114 0.000 0.000 0.000 0.000 0.757 0.075
0.022 0.006 0.010 0.009 0.150 0.000 0.000 0.000 0.000 0.736 0.066
0.044 0.009 0.029 0.016 0.246 0.000 0.000 0.000 0.000 0.524 0.131
0.043 0.010 0.046 0.017 0.213 0.000 0.000 0.000 0.000 0.554 0.116
0.026 0.006 0.021 0.009 0.123 0.000 0.000 0.000 0.000 0.733 0.080
0.012 0.004 0.005 0.003 0.048 0.000 0.000 0.000 0.000 0.895 0.034
0.013 0.004 0.013 0.002 0.065 0.000 0.000 0.000 0.000 0.861 0.041
0.012 0.005 0.005 0.002 0.054 0.000 0.000 0.000 0.000 0.894 0.028
0.002 0.002 0.002 0.000 0.006 0.000 0.000 0.000 0.000 0.982 0.006
0.021 0.005 0.007 0.003 0.069 0.000 0.000 0.000 0.000 0.831 0.065
0.012 0.006 0.003 0.004 0.032 0.000 0.000 0.000 0.000 0.892 0.051
0.005 0.002 0.002 0.002 0.013 0.000 0.000 0.000 0.000 0.958 0.017
0.004 0.002 0.001 0.001 0.006 0.000 0.000 0.000 0.000 0.972 0.015
0.003 0.002 0.001 0.001 0.008 0.000 0.000 0.000 0.000 0.972 0.014
0.006 0.001 0.001 0.001 0.016 0.000 0.000 0.000 0.000 0.943 0.032
0.015 0.004 0.003 0.005 0.026 0.000 0.000 0.000 0.000 0.879 0.068
0.006 0.002 0.001 0.002 0.019 0.000 0.000 0.000 0.000 0.947 0.022
0.012 0.004 0.004 0.004 0.066 0.000 0.000 0.000 0.000 0.849 0.061
0.011 0.004 0.011 0.004 0.081 0.000 0.000 0.000 0.000 0.841 0.047
0.018 0.005 0.005 0.006 0.090 0.000 0.000 0.000 0.000 0.815 0.061
0.027 0.013 0.005 0.009 0.117 0.000 0.000 0.000 0.000 0.748 0.081
0.040 0.022 0.007 0.014 0.138 0.001 0.000 0.000 0.000 0.680 0.099
0.053 0.039 0.009 0.018 0.153 0.001 0.000 0.000 0.000 0.613 0.113
0.055 0.034 0.009 0.017 0.188 0.001 0.000 0.000 0.000 0.566 0.130
0.047 0.025 0.011 0.018 0.216 0.001 0.000 0.000 0.000 0.569 0.112
0.029 0.015 0.008 0.015 0.141 0.000 0.000 0.000 0.000 0.713 0.078
0.022 0.014 0.011 0.012 0.143 0.000 0.000 0.000 0.000 0.710 0.088
0.011 0.009 0.007 0.009 0.038 0.000 0.000 0.000 0.000 0.884 0.041
0.022 0.016 0.012 0.010 0.073 0.000 0.000 0.000 0.000 0.790 0.076
0.027 0.032 0.016 0.014 0.058 0.000 0.000 0.000 0.000 0.776 0.076
0.018 0.033 0.011 0.011 0.042 0.000 0.000 0.000 0.000 0.831 0.055
0.034 0.036 0.008 0.025 0.080 0.000 0.000 0.000 0.000 0.732 0.083
0.026 0.031 0.008 0.020 0.089 0.001 0.000 0.000 0.000 0.759 0.065
0.014 0.022 0.007 0.011 0.056 0.000 0.000 0.000 0.000 0.849 0.040
0.115 0.021 0.016 0.031 0.316 0.001 0.000 0.000 0.000 0.265 0.235
0.135 0.023 0.034 0.028 0.406 0.001 0.000 0.000 0.000 0.178 0.196
0.146 0.031 0.026 0.055 0.346 0.001 0.000 0.000 0.000 0.144 0.251
0.118 0.013 0.006 0.017 0.313 0.001 0.000 0.000 0.000 0.244 0.288
0.119 0.015 0.008 0.021 0.263 0.001 0.000 0.000 0.000 0.301 0.271
0.136 0.027 0.020 0.034 0.292 0.002 0.000 0.000 0.000 0.242 0.246
0.092 0.029 0.014 0.025 0.253 0.001 0.000 0.000 0.000 0.331 0.254
0.059 0.022 0.121 0.037 0.152 0.000 0.000 0.000 0.000 0.379 0.229
0.132 0.017 0.010 0.021 0.282 0.001 0.000 0.000 0.000 0.343 0.194
0.101 0.015 0.012 0.030 0.276 0.001 0.000 0.000 0.000 0.267 0.299
0.141 0.012 0.013 0.034 0.231 0.002 0.000 0.000 0.000 0.314 0.253
0.110 0.014 0.012 0.022 0.183 0.002 0.000 0.000 0.000 0.486 0.171
0.054 0.006 0.006 0.009 0.095 0.001 0.000 0.000 0.000 0.742 0.088
0.036 0.003 0.003 0.006 0.050 0.000 0.000 0.000 0.000 0.830 0.071
0.026 0.006 0.004 0.008 0.072 0.000 0.000 0.000 0.000 0.827 0.056
0.026 0.009 0.005 0.008 0.095 0.000 0.000 0.000 0.000 0.793 0.064
0.042 0.018 0.008 0.015 0.152 0.001 0.000 0.000 0.000 0.671 0.093
0.031 0.018 0.003 0.006 0.091 0.000 0.000 0.000 0.000 0.792 0.060
0.024 0.010 0.003 0.005 0.058 0.000 0.000 0.000 0.000 0.845 0.053
0.019 0.008 0.003 0.004 0.036 0.000 0.000 0.000 0.000 0.895 0.035
0.019 0.007 0.003 0.004 0.033 0.000 0.000 0.000 0.000 0.890 0.043
0.016 0.005 0.002 0.003 0.044 0.000 0.000 0.000 0.000 0.873 0.057
0.017 0.005 0.003 0.004 0.041 0.000 0.000 0.000 0.000 0.866 0.063
0.015 0.006 0.002 0.004 0.039 0.000 0.000 0.000 0.000 0.879 0.054
0.012 0.005 0.002 0.004 0.029 0.000 0.000 0.000 0.000 0.903 0.046
0.022 0.005 0.003 0.006 0.047 0.000 0.000 0.000 0.000 0.846 0.069
0.020 0.006 0.004 0.006 0.054 0.000 0.000 0.000 0.000 0.825 0.084
0.020 0.006 0.003 0.006 0.038 0.000 0.000 0.000 0.000 0.868 0.059
0.015 0.004 0.002 0.003 0.034 0.000 0.000 0.000 0.000 0.875 0.066
0.012 0.003 0.001 0.003 0.022 0.000 0.000 0.000 0.000 0.910 0.048
0.017 0.005 0.002 0.004 0.037 0.000 0.000 0.000 0.000 0.860 0.075
0.013 0.003 0.002 0.003 0.022 0.000 0.000 0.000 0.000 0.899 0.058
0.008 0.002 0.001 0.002 0.020 0.000 0.000 0.000 0.000 0.930 0.037
0.015 0.005 0.003 0.004 0.043 0.000 0.000 0.000 0.000 0.871 0.060
0.012 0.005 0.003 0.004 0.036 0.000 0.000 0.000 0.000 0.886 0.053
0.023 0.008 0.003 0.005 0.052 0.000 0.000 0.000 0.000 0.831 0.078
0.015 0.004 0.002 0.004 0.039 0.000 0.000 0.000 0.000 0.882 0.055
0.018 0.005 0.005 0.006 0.045 0.000 0.000 0.000 0.000 0.838 0.083
0.011 0.003 0.003 0.004 0.027 0.000 0.000 0.000 0.000 0.902 0.050
0.010 0.003 0.002 0.003 0.026 0.000 0.000 0.000 0.000 0.913 0.042
0.009 0.003 0.002 0.002 0.022 0.000 0.000 0.000 0.000 0.928 0.034
0.009 0.002 0.001 0.002 0.018 0.000 0.000 0.000 0.000 0.928 0.041
0.006 0.003 0.002 0.001 0.011 0.000 0.000 0.000 0.000 0.963 0.014
0.031 0.013 0.005 0.008 0.083 0.000 0.000 0.000 0.000 0.761 0.099
0.030 0.012 0.004 0.006 0.077 0.000 0.000 0.000 0.000 0.780 0.091
0.028 0.009 0.005 0.006 0.073 0.000 0.000 0.000 0.000 0.746 0.133
0.032 0.012 0.007 0.009 0.071 0.000 0.000 0.000 0.000 0.724 0.144
0.014 0.006 0.003 0.004 0.037 0.000 0.000 0.000 0.000 0.864 0.073
0.010 0.010 0.004 0.004 0.031 0.000 0.000 0.000 0.000 0.898 0.042
0.050 0.025 0.014 0.019 0.107 0.000 0.000 0.000 0.000 0.672 0.114
0.066 0.035 0.014 0.027 0.157 0.001 0.000 0.000 0.000 0.548 0.151
0.100 0.027 0.014 0.026 0.235 0.001 0.000 0.000 0.000 0.367 0.230
0.106 0.025 0.011 0.030 0.226 0.001 0.000 0.000 0.000 0.400 0.200
0.047 0.010 0.006 0.012 0.095 0.001 0.000 0.000 0.000 0.725 0.104
0.027 0.016 0.007 0.013 0.103 0.001 0.000 0.000 0.000 0.761 0.071
0.060 0.053 0.025 0.032 0.186 0.001 0.000 0.000 0.000 0.496 0.147
0.087 0.044 0.061 0.041 0.256 0.001 0.000 0.000 0.000 0.310 0.199
0.082 0.038 0.024 0.032 0.191 0.001 0.000 0.000 0.000 0.377 0.255
0.074 0.027 0.012 0.025 0.224 0.001 0.000 0.000 0.000 0.396 0.241
0.072 0.013 0.007 0.016 0.149 0.001 0.000 0.000 0.000 0.557 0.185
0.085 0.030 0.012 0.038 0.186 0.001 0.000 0.000 0.000 0.389 0.257
0.071 0.047 0.012 0.035 0.193 0.002 0.000 0.000 0.000 0.465 0.174
0.081 0.074 0.019 0.037 0.229 0.002 0.001 0.001 0.000 0.364 0.193
0.236 0.039 0.011 0.064 0.256 0.003 0.000 0.000 0.000 0.100 0.289
0.208 0.036 0.009 0.060 0.310 0.003 0.000 0.000 0.000 0.094 0.280
0.101 0.025 0.007 0.025 0.298 0.001 0.000 0.000 0.000 0.348 0.195
0.114 0.072 0.018 0.033 0.324 0.001 0.000 0.000 0.000 0.219 0.218
0.097 0.025 0.008 0.024 0.321 0.001 0.000 0.000 0.000 0.234 0.288
0.115 0.026 0.010 0.030 0.212 0.001 0.000 0.000 0.000 0.361 0.244
0.078 0.021 0.009 0.029 0.216 0.001 0.000 0.000 0.000 0.453 0.193
0.084 0.017 0.010 0.024 0.289 0.001 0.000 0.000 0.000 0.324 0.250
0.116 0.023 0.015 0.023 0.276 0.001 0.000 0.000 0.000 0.339 0.205
0.099 0.026 0.014 0.021 0.253 0.001 0.000 0.000 0.000 0.401 0.185
0.086 0.024 0.014 0.028 0.248 0.001 0.000 0.000 0.000 0.369 0.230
0.089 0.019 0.012 0.021 0.248 0.001 0.000 0.000 0.000 0.401 0.209
0.095 0.020 0.013 0.022 0.222 0.001 0.000 0.000 0.000 0.405 0.222
0.087 0.014 0.015 0.016 0.226 0.001 0.000 0.000 0.000 0.465 0.175
0.119 0.028 0.019 0.041 0.241 0.001 0.000 0.000 0.000 0.260 0.290
0.092 0.021 0.017 0.037 0.187 0.001 0.000 0.000 0.000 0.387 0.258
0.112 0.017 0.008 0.024 0.192 0.001 0.000 0.000 0.000 0.334 0.311
0.105 0.014 0.008 0.032 0.214 0.001 0.000 0.000 0.000 0.225 0.401
0.120 0.016 0.014 0.043 0.301 0.001 0.000 0.000 0.000 0.172 0.331
0.132 0.032 0.012 0.028 0.274 0.001 0.000 0.000 0.000 0.336 0.184
0.090 0.020 0.012 0.021 0.193 0.001 0.000 0.000 0.000 0.489 0.173
0.052 0.016 0.007 0.014 0.124 0.001 0.000 0.000 0.000 0.671 0.114
0.056 0.018 0.010 0.016 0.157 0.001 0.000 0.000 0.000 0.603 0.139
0.049 0.017 0.009 0.012 0.137 0.001 0.000 0.000 0.000 0.644 0.130
0.045 0.015 0.009 0.015 0.168 0.000 0.000 0.000 0.000 0.615 0.133
0.044 0.013 0.011 0.012 0.162 0.000 0.000 0.000 0.000 0.648 0.108
0.047 0.016 0.009 0.012 0.137 0.001 0.000 0.000 0.000 0.656 0.122
0.028 0.014 0.008 0.008 0.079 0.000 0.000 0.000 0.000 0.780 0.083
0.024 0.009 0.005 0.006 0.066 0.000 0.000 0.000 0.000 0.807 0.083
0.016 0.008 0.002 0.005 0.033 0.000 0.000 0.000 0.000 0.900 0.035
0.012 0.004 0.001 0.003 0.016 0.000 0.000 0.000 0.000 0.930 0.033
0.012 0.006 0.002 0.003 0.026 0.000 0.000 0.000 0.000 0.907 0.044
0.007 0.003 0.003 0.002 0.015 0.000 0.000 0.000 0.000 0.947 0.024
0.009 0.003 0.002 0.003 0.023 0.000 0.000 0.000 0.000 0.931 0.029
0.012 0.005 0.004 0.003 0.039 0.000 0.000 0.000 0.000 0.901 0.035
0.021 0.008 0.004 0.005 0.051 0.000 0.000 0.000 0.000 0.857 0.055
0.018 0.005 0.003 0.005 0.041 0.000 0.000 0.000 0.000 0.872 0.057
0.033 0.008 0.006 0.009 0.080 0.000 0.000 0.000 0.000 0.757 0.107
0.017 0.007 0.004 0.006 0.040 0.000 0.000 0.000 0.000 0.879 0.048
0.009 0.004 0.002 0.001 0.018 0.000 0.000 0.000 0.000 0.939 0.027
0.015 0.006 0.003 0.005 0.038 0.000 0.000 0.000 0.000 0.873 0.060
0.012 0.006 0.005 0.004 0.023 0.000 0.000 0.000 0.000 0.909 0.042
0.008 0.002 0.001 0.001 0.011 0.000 0.000 0.000 0.000 0.953 0.024
0.011 0.003 0.004 0.003 0.025 0.000 0.000 0.000 0.000 0.911 0.042
0.005 0.003 0.002 0.002 0.009 0.000 0.000 0.000 0.000 0.952 0.027
0.007 0.001 0.001 0.002 0.018 0.000 0.000 0.000 0.000 0.937 0.034
0.012 0.003 0.003 0.003 0.030 0.000 0.000 0.000 0.000 0.884 0.065
0.011 0.004 0.003 0.004 0.030 0.000 0.000 0.000 0.000 0.896 0.052
0.009 0.003 0.002 0.002 0.015 0.000 0.000 0.000 0.000 0.934 0.035
0.008 0.005 0.002 0.002 0.023 0.000 0.000 0.000 0.000 0.933 0.028
0.031 0.010 0.013 0.014 0.187 0.000 0.000 0.000 0.000 0.626 0.119
0.031 0.012 0.014 0.011 0.150 0.000 0.000 0.000 0.000 0.643 0.140
0.040 0.010 0.011 0.021 0.130 0.001 0.000 0.000 0.000 0.591 0.197
0.032 0.008 0.006 0.011 0.099 0.001 0.000 0.000 0.000 0.751 0.092
0.029 0.007 0.006 0.008 0.123 0.000 0.000 0.000 0.000 0.733 0.092
0.022 0.004 0.003 0.007 0.073 0.000 0.000 0.000 0.000 0.816 0.074
0.026 0.005 0.006 0.007 0.110 0.000 0.000 0.000 0.000 0.769 0.077
0.045 0.006 0.008 0.013 0.165 0.001 0.000 0.000 0.000 0.643 0.118
0.045 0.006 0.008 0.011 0.167 0.001 0.000 0.000 0.000 0.650 0.113
0.036 0.006 0.009 0.011 0.159 0.001 0.000 0.000 0.000 0.689 0.089
0.040 0.007 0.006 0.009 0.155 0.001 0.000 0.000 0.000 0.671 0.110
0.044 0.005 0.006 0.010 0.188 0.001 0.000 0.000 0.000 0.607 0.139
0.027 0.003 0.003 0.004 0.179 0.000 0.000 0.000 0.000 0.715 0.068
0.036 0.004 0.003 0.007 0.163 0.000 0.000 0.000 0.000 0.652 0.134
0.028 0.006 0.004 0.006 0.163 0.000 0.000 0.000 0.000 0.715 0.078
0.040 0.009 0.010 0.013 0.326 0.001 0.000 0.000 0.000 0.507 0.094
0.146 0.015 0.007 0.032 0.211 0.001 0.000 0.000 0.000 0.189 0.397
0.125 0.016 0.011 0.044 0.234 0.001 0.000 0.000 0.000 0.258 0.310
0.095 0.019 0.011 0.029 0.331 0.002 0.000 0.000 0.000 0.209 0.302
0.103 0.019 0.008 0.030 0.295 0.002 0.000 0.000 0.000 0.209 0.334
0.066 0.005 0.002 0.006 0.166 0.001 0.000 0.000 0.000 0.302 0.452
0.065 0.005 0.004 0.006 0.300 0.001 0.000 0.000 0.000 0.222 0.398
0.075 0.002 0.003 0.008 0.175 0.000 0.000 0.000 0.000 0.282 0.455
0.054 0.004 0.004 0.007 0.177 0.000 0.000 0.000 0.000 0.551 0.201
0.060 0.003 0.004 0.005 0.174 0.000 0.000 0.000 0.000 0.531 0.221
0.061 0.002 0.004 0.006 0.164 0.000 0.000 0.000 0.000 0.562 0.201
0.059 0.004 0.010 0.007 0.280 0.001 0.000 0.000 0.000 0.476 0.163
0.084 0.005 0.008 0.012 0.352 0.001 0.000 0.000 0.000 0.268 0.269
0.127 0.043 0.024 0.057 0.223 0.002 0.000 0.000 0.000 0.235 0.288
0.139 0.022 0.007 0.024 0.251 0.001 0.000 0.000 0.000 0.259 0.296
0.144 0.027 0.017 0.051 0.224 0.002 0.000 0.000 0.000 0.218 0.317
0.086 0.037 0.011 0.028 0.263 0.001 0.000 0.000 0.000 0.423 0.151
0.094 0.021 0.008 0.020 0.294 0.001 0.000 0.000 0.000 0.338 0.224
0.072 0.021 0.007 0.016 0.284 0.001 0.000 0.000 0.000 0.406 0.193
0.081 0.013 0.005 0.012 0.289 0.001 0.000 0.000 0.000 0.373 0.226
0.067 0.006 0.003 0.007 0.203 0.001 0.000 0.000 0.000 0.385 0.328
0.078 0.004 0.002 0.006 0.192 0.001 0.000 0.000 0.000 0.307 0.411
0.085 0.005 0.003 0.007 0.197 0.001 0.000 0.000 0.000 0.406 0.297
0.096 0.004 0.003 0.007 0.193 0.001 0.000 0.000 0.000 0.355 0.340
0.036 0.010 0.198 0.015 0.243 0.000 0.000 0.000 0.000 0.334 0.164
0.033 0.008 0.008 0.009 0.135 0.000 0.000 0.000 0.000 0.665 0.141
0.038 0.012 0.015 0.014 0.142 0.000 0.000 0.000 0.000 0.643 0.135
0.110 0.080 0.023 0.031 0.345 0.001 0.000 0.000 0.000 0.199 0.210
0.144 0.027 0.019 0.036 0.352 0.002 0.000 0.000 0.000 0.206 0.214
0.122 0.028 0.017 0.026 0.295 0.001 0.000 0.000 0.000 0.303 0.208
0.103 0.029 0.020 0.041 0.305 0.001 0.000 0.000 0.000 0.253 0.247
0.121 0.032 0.020 0.043 0.289 0.001 0.000 0.000 0.000 0.219 0.274
0.080 0.009 0.007 0.018 0.214 0.001 0.000 0.000 0.000 0.444 0.227
0.097 0.012 0.007 0.020 0.222 0.001 0.000 0.000 0.000 0.429 0.212
0.088 0.009 0.012 0.018 0.244 0.001 0.000 0.000 0.000 0.446 0.181
0.094 0.015 0.021 0.024 0.268 0.001 0.000 0.000 0.000 0.407 0.169
0.075 0.014 0.026 0.030 0.281 0.001 0.000 0.000 0.000 0.397 0.176
0.063 0.011 0.016 0.023 0.240 0.001 0.000 0.000 0.000 0.497 0.148
0.035 0.009 0.010 0.010 0.211 0.000 0.000 0.000 0.000 0.625 0.098
0.038 0.007 0.007 0.009 0.207 0.001 0.000 0.000 0.000 0.628 0.102
0.049 0.008 0.009 0.012 0.223 0.001 0.000 0.000 0.000 0.583 0.115
0.061 0.009 0.009 0.011 0.240 0.001 0.000 0.000 0.000 0.544 0.125
0.040 0.008 0.008 0.009 0.251 0.000 0.000 0.000 0.000 0.567 0.116
0.052 0.006 0.009 0.009 0.217 0.001 0.000 0.000 0.000 0.609 0.096
0.043 0.005 0.008 0.012 0.245 0.000 0.000 0.000 0.000 0.554 0.133
0.049 0.009 0.008 0.013 0.280 0.001 0.000 0.000 0.000 0.493 0.146
0.044 0.008 0.008 0.011 0.177 0.000 0.000 0.000 0.000 0.644 0.107
0.036 0.007 0.006 0.009 0.182 0.000 0.000 0.000 0.000 0.667 0.091
0.026 0.005 0.006 0.006 0.160 0.000 0.000 0.000 0.000 0.730 0.067
0.040 0.007 0.010 0.009 0.216 0.000 0.000 0.000 0.000 0.618 0.100
0.050 0.013 0.015 0.016 0.286 0.001 0.000 0.000 0.000 0.489 0.131
0.054 0.011 0.011 0.013 0.249 0.001 0.000 0.000 0.000 0.517 0.143
0.039 0.007 0.007 0.010 0.181 0.000 0.000 0.000 0.000 0.676 0.079
0.039 0.009 0.005 0.009 0.128 0.000 0.000 0.000 0.000 0.725 0.084
0.043 0.008 0.008 0.011 0.218 0.000 0.000 0.000 0.000 0.588 0.123
0.044 0.009 0.009 0.012 0.193 0.000 0.000 0.000 0.000 0.596 0.136
0.051 0.010 0.009 0.012 0.213 0.000 0.000 0.000 0.000 0.582 0.122
0.048 0.009 0.006 0.013 0.134 0.000 0.000 0.000 0.000 0.671 0.120
0.027 0.005 0.005 0.006 0.172 0.000 0.000 0.000 0.000 0.716 0.068
0.029 0.005 0.005 0.008 0.202 0.000 0.000 0.000 0.000 0.672 0.079
0.033 0.006 0.005 0.007 0.175 0.000 0.000 0.000 0.000 0.678 0.095
0.051 0.008 0.008 0.015 0.274 0.000 0.000 0.000 0.000 0.540 0.103
0.040 0.008 0.007 0.011 0.187 0.000 0.000 0.000 0.000 0.655 0.091
0.027 0.005 0.005 0.006 0.182 0.000 0.000 0.000 0.000 0.692 0.082
0.045 0.009 0.009 0.013 0.238 0.000 0.000 0.000 0.000 0.554 0.133
0.001 0.001 0.001 0.001 0.002 0.000 0.000 0.000 0.000 0.988 0.006
0.001 0.001 0.000 0.001 0.001 0.000 0.000 0.000 0.000 0.990 0.006
0.001 0.000 0.000 0.000 0.001 0.000 0.000 0.000 0.000 0.993 0.005
0.001 0.000 0.000 0.001 0.001 0.000 0.000 0.000 0.000 0.989 0.008
0.001 0.001 0.001 0.001 0.003 0.000 0.000 0.000 0.000 0.977 0.015
0.002 0.001 0.001 0.001 0.006 0.000 0.000 0.000 0.000 0.972 0.016
0.001 0.001 0.000 0.001 0.001 0.000 0.000 0.000 0.000 0.990 0.007
0.002 0.001 0.001 0.001 0.005 0.000 0.000 0.000 0.000 0.977 0.013
0.002 0.000 0.000 0.001 0.003 0.000 0.000 0.000 0.000 0.979 0.014
0.001 0.001 0.000 0.001 0.003 0.000 0.000 0.000 0.000 0.983 0.012
0.005 0.002 0.001 0.004 0.008 0.000 0.000 0.000 0.000 0.942 0.038
0.002 0.002 0.001 0.002 0.004 0.000 0.000 0.000 0.000 0.978 0.011
0.003 0.002 0.001 0.002 0.011 0.000 0.000 0.000 0.000 0.961 0.020
0.001 0.001 0.000 0.001 0.002 0.000 0.000 0.000 0.000 0.989 0.006
0.003 0.002 0.001 0.003 0.008 0.000 0.000 0.000 0.000 0.959 0.023
0.002 0.003 0.002 0.003 0.007 0.000 0.000 0.000 0.000 0.970 0.013
0.003 0.004 0.002 0.005 0.005 0.000 0.000 0.000 0.000 0.963 0.017
0.092 0.025 0.009 0.035 0.465 0.001 0.000 0.000 0.000 0.160 0.214
0.092 0.068 0.016 0.038 0.303 0.001 0.000 0.000 0.000 0.232 0.249
0.137 0.031 0.014 0.030 0.317 0.002 0.000 0.000 0.000 0.259 0.210
0.110 0.035 0.014 0.030 0.256 0.001 0.000 0.000 0.000 0.358 0.195
0.126 0.031 0.009 0.026 0.278 0.001 0.000 0.000 0.000 0.295 0.233
0.086 0.009 0.004 0.008 0.243 0.001 0.000 0.000 0.000 0.506 0.142
0.048 0.009 0.004 0.006 0.185 0.001 0.000 0.000 0.000 0.663 0.085
0.031 0.008 0.004 0.005 0.168 0.000 0.000 0.000 0.000 0.713 0.071
0.027 0.008 0.003 0.005 0.163 0.000 0.000 0.000 0.000 0.718 0.076
0.011 0.006 0.003 0.002 0.071 0.000 0.000 0.000 0.000 0.869 0.036
0.008 0.006 0.002 0.002 0.047 0.000 0.000 0.000 0.000 0.911 0.024
0.021 0.009 0.005 0.004 0.070 0.000 0.000 0.000 0.000 0.830 0.060
0.047 0.023 0.007 0.008 0.135 0.000 0.000 0.000 0.000 0.665 0.116
0.060 0.074 0.008 0.011 0.132 0.001 0.000 0.000 0.000 0.618 0.095
0.015 0.037 0.003 0.004 0.035 0.000 0.000 0.000 0.000 0.882 0.023
0.013 0.020 0.002 0.002 0.023 0.000 0.000 0.000 0.000 0.925 0.014
0.004 0.007 0.001 0.001 0.007 0.000 0.000 0.000 0.000 0.977 0.005
0.001 0.003 0.000 0.000 0.003 0.000 0.000 0.000 0.000 0.991 0.001
0.002 0.019 0.003 0.000 0.011 0.000 0.000 0.000 0.000 0.961 0.004
0.001 0.006 0.001 0.000 0.003 0.000 0.000 0.000 0.000 0.987 0.001
0.001 0.004 0.001 0.000 0.002 0.000 0.000 0.000 0.000 0.992 0.001
0.001 0.002 0.000 0.000 0.002 0.000 0.000 0.000 0.000 0.994 0.002
0.001 0.004 0.000 0.000 0.003 0.000 0.000 0.000 0.000 0.988 0.004
0.004 0.004 0.001 0.000 0.008 0.000 0.000 0.000 0.000 0.970 0.012
0.009 0.004 0.001 0.001 0.013 0.000 0.000 0.000 0.000 0.941 0.029
0.004 0.004 0.001 0.001 0.007 0.000 0.000 0.000 0.000 0.970 0.013
0.009 0.007 0.002 0.002 0.017 0.000 0.000 0.000 0.000 0.923 0.040
0.008 0.005 0.001 0.002 0.012 0.000 0.000 0.000 0.000 0.948 0.025
0.009 0.007 0.001 0.003 0.019 0.000 0.000 0.000 0.000 0.923 0.038
0.019 0.014 0.002 0.006 0.041 0.000 0.000 0.000 0.000 0.854 0.064
0.022 0.010 0.002 0.008 0.048 0.000 0.000 0.000 0.000 0.843 0.066
0.025 0.010 0.002 0.007 0.043 0.000 0.000 0.000 0.000 0.831 0.084
0.006 0.004 0.001 0.003 0.023 0.000 0.000 0.000 0.000 0.939 0.024
0.007 0.003 0.001 0.003 0.015 0.000 0.000 0.000 0.000 0.947 0.024
0.028 0.008 0.002 0.011 0.055 0.000 0.000 0.000 0.000 0.809 0.087
0.022 0.007 0.002 0.007 0.049 0.000 0.000 0.000 0.000 0.841 0.072
0.019 0.006 0.003 0.005 0.070 0.000 0.000 0.000 0.000 0.791 0.107
0.029 0.010 0.005 0.009 0.055 0.000 0.000 0.000 0.000 0.775 0.118
0.025 0.010 0.003 0.008 0.062 0.000 0.000 0.000 0.000 0.796 0.096
0.044 0.018 0.008 0.023 0.119 0.000 0.000 0.000 0.000 0.659 0.129
0.021 0.025 0.005 0.012 0.071 0.000 0.000 0.000 0.000 0.781 0.084
0.036 0.014 0.007 0.016 0.090 0.000 0.000 0.000 0.000 0.750 0.086
0.040 0.015 0.008 0.014 0.119 0.000 0.000 0.000 0.000 0.700 0.103
0.049 0.022 0.017 0.019 0.162 0.000 0.000 0.000 0.000 0.565 0.166
0.029 0.026 0.011 0.015 0.082 0.000 0.000 0.000 0.000 0.781 0.056
0.016 0.012 0.005 0.009 0.048 0.000 0.000 0.000 0.000 0.885 0.025
0.018 0.020 0.005 0.007 0.051 0.000 0.000 0.000 0.000 0.874 0.026
0.033 0.022 0.010 0.013 0.063 0.000 0.000 0.000 0.000 0.819 0.039
0.023 0.009 0.006 0.007 0.043 0.000 0.000 0.000 0.000 0.873 0.038
0.067 0.020 0.007 0.025 0.152 0.000 0.000 0.000 0.000 0.592 0.138
0.090 0.014 0.006 0.018 0.215 0.001 0.000 0.000 0.000 0.460 0.195
0.075 0.015 0.008 0.023 0.240 0.000 0.000 0.000 0.000 0.489 0.149
0.069 0.013 0.008 0.017 0.281 0.001 0.000 0.000 0.000 0.437 0.175
0.077 0.015 0.008 0.020 0.261 0.001 0.000 0.000 0.000 0.402 0.215
0.098 0.012 0.007 0.020 0.244 0.001 0.000 0.000 0.000 0.398 0.219
0.105 0.004 0.011 0.018 0.120 0.001 0.000 0.000 0.000 0.592 0.149
0.133 0.012 0.020 0.035 0.224 0.001 0.000 0.000 0.000 0.376 0.198
0.101 0.012 0.027 0.030 0.282 0.001 0.000 0.000 0.000 0.308 0.239
0.109 0.023 0.012 0.027 0.356 0.001 0.000 0.000 0.000 0.239 0.233
0.107 0.014 0.008 0.025 0.383 0.001 0.000 0.000 0.000 0.210 0.252
0.111 0.013 0.009 0.018 0.407 0.001 0.000 0.000 0.000 0.198 0.242
0.108 0.015 0.011 0.014 0.392 0.001 0.000 0.000 0.000 0.224 0.235
0.129 0.015 0.011 0.017 0.399 0.001 0.000 0.000 0.000 0.186 0.239
0.106 0.021 0.031 0.029 0.354 0.001 0.000 0.000 0.000 0.250 0.207
0.099 0.019 0.020 0.027 0.245 0.001 0.000 0.000 0.000 0.389 0.201
0.159 0.028 0.025 0.048 0.326 0.002 0.000 0.000 0.000 0.167 0.243
0.156 0.016 0.011 0.038 0.319 0.001 0.000 0.000 0.000 0.225 0.234
0.160 0.013 0.006 0.020 0.265 0.001 0.000 0.000 0.000 0.223 0.312
