0.017 0.069 0.008 0.011 0.077 0.000 0.000 0.000 0.000 0.758 0.059
0.026 0.160 0.012 0.020 0.129 0.001 0.000 0.000 0.000 0.565 0.087
0.016 0.106 0.006 0.021 0.112 0.000 0.000 0.000 0.000 0.669 0.069
0.016 0.060 0.004 0.013 0.080 0.000 0.000 0.000 0.000 0.768 0.058
0.013 0.042 0.002 0.011 0.040 0.000 0.000 0.000 0.000 0.867 0.025
0.007 0.013 0.001 0.002 0.012 0.000 0.000 0.000 0.000 0.947 0.018
0.001 0.000 0.000 0.000 0.001 0.000 0.000 0.000 0.000 0.994 0.003
0.002 0.000 0.000 0.000 0.002 0.000 0.000 0.000 0.000 0.990 0.005
0.004 0.001 0.000 0.000 0.002 0.000 0.000 0.000 0.000 0.985 0.007
0.004 0.001 0.000 0.000 0.003 0.000 0.000 0.000 0.000 0.987 0.005
0.001 0.000 0.000 0.000 0.001 0.000 0.000 0.000 0.000 0.995 0.002
0.016 0.002 0.000 0.002 0.014 0.000 0.000 0.000 0.000 0.938 0.027
0.071 0.006 0.002 0.013 0.147 0.000 0.000 0.000 0.000 0.634 0.126
0.038 0.004 0.002 0.011 0.735 0.000 0.000 0.000 0.000 0.155 0.054
0.080 0.020 0.003 0.019 0.380 0.001 0.000 0.000 0.000 0.323 0.175
0.063 0.017 0.007 0.021 0.543 0.000 0.000 0.000 0.000 0.162 0.187
0.034 0.006 0.003 0.007 0.171 0.000 0.000 0.000 0.000 0.658 0.122
0.072 0.006 0.003 0.010 0.518 0.000 0.000 0.000 0.000 0.294 0.096
0.034 0.007 0.002 0.007 0.168 0.000 0.000 0.000 0.000 0.728 0.054
0.319 0.013 0.007 0.040 0.147 0.001 0.000 0.000 0.000 0.043 0.429
0.041 0.009 0.005 0.009 0.086 0.001 0.000 0.000 0.000 0.777 0.071
0.045 0.009 0.006 0.013 0.108 0.001 0.000 0.000 0.000 0.710 0.107
0.055 0.019 0.012 0.028 0.211 0.002 0.000 0.000 0.000 0.543 0.129
0.089 0.022 0.017 0.046 0.275 0.001 0.000 0.000 0.000 0.298 0.251
0.087 0.025 0.011 0.038 0.236 0.002 0.000 0.000 0.000 0.385 0.216
0.096 0.014 0.025 0.071 0.552 0.001 0.000 0.000 0.000 0.097 0.144
0.143 0.007 0.005 0.101 0.056 0.002 0.000 0.000 0.000 0.118 0.568
0.093 0.169 0.009 0.225 0.205 0.003 0.000 0.000 0.000 0.107 0.189
0.069 0.014 0.005 0.011 0.133 0.001 0.000 0.000 0.000 0.401 0.366
0.020 0.667 0.001 0.206 0.033 0.001 0.000 0.000 0.000 0.019 0.055
0.011 0.002 0.000 0.002 0.010 0.000 0.000 0.000 0.000 0.879 0.096
0.056 0.004 0.001 0.007 0.114 0.001 0.000 0.000 0.000 0.737 0.080
0.037 0.005 0.003 0.025 0.046 0.001 0.000 0.000 0.000 0.311 0.573
0.014 0.002 0.001 0.004 0.017 0.000 0.000 0.000 0.000 0.550 0.410
0.126 0.007 0.003 0.011 0.084 0.001 0.000 0.000 0.000 0.150 0.619
0.145 0.011 0.005 0.014 0.095 0.001 0.000 0.000 0.000 0.307 0.420
0.097 0.011 0.007 0.019 0.130 0.001 0.000 0.000 0.000 0.501 0.234
0.107 0.020 0.011 0.025 0.198 0.002 0.000 0.000 0.000 0.441 0.195
0.019 0.020 0.004 0.027 0.134 0.000 0.000 0.000 0.000 0.681 0.114
0.013 0.076 0.004 0.011 0.062 0.000 0.000 0.000 0.000 0.778 0.055
0.034 0.053 0.005 0.038 0.293 0.000 0.000 0.000 0.000 0.422 0.156
0.005 0.002 0.001 0.003 0.007 0.000 0.000 0.000 0.000 0.976 0.005
0.001 0.000 0.000 0.000 0.001 0.000 0.000 0.000 0.000 0.996 0.001
0.001 0.000 0.000 0.000 0.001 0.000 0.000 0.000 0.000 0.997 0.001
0.000 0.000 0.000 0.000 0.000 0.000 0.000 0.000 0.000 0.999 0.000
0.001 0.000 0.000 0.000 0.000 0.000 0.000 0.000 0.000 0.998 0.001
0.002 0.000 0.000 0.000 0.001 0.000 0.000 0.000 0.000 0.996 0.001
0.005 0.000 0.000 0.000 0.002 0.000 0.000 0.000 0.000 0.988 0.005
0.005 0.000 0.000 0.000 0.002 0.000 0.000 0.000 0.000 0.985 0.008
0.005 0.000 0.000 0.000 0.002 0.000 0.000 0.000 0.000 0.982 0.010
0.001 0.000 0.000 0.000 0.001 0.000 0.000 0.000 0.000 0.995 0.002
0.001 0.000 0.000 0.000 0.000 0.000 0.000 0.000 0.000 0.998 0.001
0.002 0.000 0.000 0.000 0.001 0.000 0.000 0.000 0.000 0.993 0.003
0.002 0.000 0.000 0.000 0.001 0.000 0.000 0.000 0.000 0.993 0.004
0.002 0.000 0.000 0.000 0.001 0.000 0.000 0.000 0.000 0.996 0.001
0.001 0.000 0.000 0.000 0.001 0.000 0.000 0.000 0.000 0.996 0.001
0.006 0.001 0.000 0.001 0.016 0.000 0.000 0.000 0.000 0.960 0.015
0.011 0.003 0.002 0.004 0.138 0.000 0.000 0.000 0.000 0.806 0.037
0.015 0.006 0.003 0.007 0.167 0.001 0.000 0.000 0.000 0.743 0.059
0.029 0.013 0.005 0.014 0.276 0.001 0.000 0.000 0.000 0.554 0.108
0.042 0.013 0.006 0.026 0.324 0.001 0.000 0.000 0.000 0.462 0.125
0.032 0.014 0.006 0.018 0.287 0.001 0.000 0.000 0.000 0.522 0.119
0.042 0.014 0.006 0.024 0.296 0.001 0.000 0.000 0.000 0.493 0.124
0.040 0.020 0.009 0.024 0.554 0.001 0.000 0.000 0.000 0.248 0.103
0.129 0.013 0.006 0.056 0.163 0.003 0.000 0.000 0.000 0.164 0.466
0.076 0.016 0.010 0.049 0.259 0.002 0.000 0.000 0.000 0.243 0.345
0.249 0.017 0.004 0.016 0.136 0.000 0.000 0.000 0.000 0.075 0.503
0.177 0.002 0.001 0.005 0.053 0.000 0.000 0.000 0.000 0.008 0.754
0.210 0.002 0.000 0.004 0.085 0.000 0.000 0.000 0.000 0.006 0.693
0.150 0.003 0.001 0.012 0.463 0.000 0.000 0.000 0.000 0.016 0.354
0.083 0.105 0.016 0.063 0.252 0.001 0.000 0.000 0.000 0.346 0.133
0.050 0.010 0.003 0.012 0.172 0.000 0.000 0.000 0.000 0.679 0.073
0.067 0.007 0.002 0.006 0.114 0.000 0.000 0.000 0.000 0.716 0.088
0.137 0.025 0.012 0.022 0.157 0.001 0.000 0.000 0.000 0.514 0.131
0.186 0.025 0.012 0.013 0.122 0.001 0.000 0.000 0.000 0.411 0.230
0.276 0.022 0.011 0.060 0.121 0.002 0.000 0.000 0.000 0.133 0.373
0.122 0.040 0.018 0.067 0.245 0.002 0.000 0.000 0.000 0.360 0.146
0.096 0.028 0.007 0.037 0.074 0.001 0.000 0.000 0.000 0.630 0.126
0.254 0.010 0.003 0.008 0.080 0.001 0.000 0.000 0.000 0.281 0.363
0.292 0.013 0.003 0.014 0.122 0.001 0.000 0.000 0.000 0.286 0.268
0.150 0.010 0.006 0.041 0.200 0.002 0.000 0.000 0.000 0.269 0.322
0.109 0.007 0.004 0.032 0.157 0.002 0.000 0.000 0.000 0.407 0.281
0.139 0.009 0.003 0.016 0.112 0.001 0.000 0.000 0.000 0.552 0.168
0.332 0.008 0.002 0.019 0.067 0.001 0.000 0.000 0.000 0.132 0.440
0.214 0.012 0.006 0.031 0.181 0.001 0.000 0.000 0.000 0.191 0.363
0.145 0.035 0.017 0.055 0.391 0.002 0.000 0.000 0.000 0.191 0.162
0.034 0.009 0.003 0.010 0.057 0.000 0.000 0.000 0.000 0.860 0.027
0.041 0.009 0.002 0.011 0.019 0.000 0.000 0.000 0.000 0.880 0.037
0.086 0.009 0.002 0.008 0.032 0.001 0.000 0.000 0.000 0.755 0.108
0.228 0.007 0.002 0.011 0.040 0.001 0.000 0.000 0.000 0.243 0.469
0.184 0.010 0.003 0.014 0.068 0.001 0.000 0.000 0.000 0.440 0.280
0.100 0.013 0.006 0.020 0.268 0.001 0.000 0.000 0.000 0.349 0.242
0.037 0.008 0.004 0.018 0.291 0.001 0.000 0.000 0.000 0.549 0.092
0.049 0.013 0.005 0.021 0.181 0.001 0.000 0.000 0.000 0.625 0.106
0.031 0.012 0.004 0.016 0.287 0.001 0.000 0.000 0.000 0.573 0.076
0.050 0.011 0.004 0.023 0.296 0.001 0.000 0.000 0.000 0.479 0.136
0.050 0.013 0.005 0.021 0.200 0.001 0.000 0.000 0.000 0.564 0.145
0.045 0.013 0.006 0.020 0.153 0.001 0.000 0.000 0.000 0.668 0.093
0.005 0.004 0.001 0.004 0.016 0.000 0.000 0.000 0.000 0.957 0.011
0.010 0.004 0.001 0.005 0.049 0.000 0.000 0.000 0.000 0.915 0.016
0.018 0.014 0.002 0.006 0.089 0.000 0.000 0.000 0.000 0.846 0.027
0.026 0.014 0.002 0.012 0.093 0.000 0.000 0.000 0.000 0.804 0.050
0.034 0.019 0.003 0.019 0.174 0.000 0.000 0.000 0.000 0.678 0.071
0.031 0.020 0.002 0.016 0.321 0.000 0.000 0.000 0.000 0.543 0.068
0.025 0.016 0.002 0.013 0.266 0.000 0.000 0.000 0.000 0.602 0.077
0.028 0.013 0.003 0.013 0.258 0.000 0.000 0.000 0.000 0.624 0.060
0.027 0.011 0.002 0.014 0.191 0.000 0.000 0.000 0.000 0.695 0.059
0.021 0.004 0.001 0.010 0.112 0.000 0.000 0.000 0.000 0.815 0.038
0.036 0.011 0.003 0.016 0.234 0.000 0.000 0.000 0.000 0.615 0.084
0.032 0.009 0.002 0.017 0.167 0.000 0.000 0.000 0.000 0.711 0.061
0.037 0.008 0.002 0.028 0.135 0.000 0.000 0.000 0.000 0.735 0.054
0.037 0.009 0.003 0.034 0.175 0.000 0.000 0.000 0.000 0.668 0.074
0.020 0.004 0.004 0.025 0.104 0.000 0.000 0.000 0.000 0.806 0.036
0.019 0.008 0.002 0.014 0.108 0.000 0.000 0.000 0.000 0.815 0.033
0.003 0.010 0.002 0.007 0.019 0.000 0.000 0.000 0.000 0.936 0.023
0.001 0.008 0.000 0.002 0.003 0.000 0.000 0.000 0.000 0.983 0.003
0.003 0.003 0.000 0.001 0.004 0.000 0.000 0.000 0.000 0.983 0.005
0.002 0.000 0.000 0.000 0.001 0.000 0.000 0.000 0.000 0.996 0.001
0.001 0.000 0.000 0.000 0.000 0.000 0.000 0.000 0.000 0.998 0.001
0.001 0.000 0.000 0.000 0.000 0.000 0.000 0.000 0.000 0.998 0.000
0.004 0.000 0.000 0.000 0.002 0.000 0.000 0.000 0.000 0.990 0.002
0.024 0.002 0.001 0.002 0.015 0.000 0.000 0.000 0.000 0.931 0.025
0.004 0.000 0.000 0.000 0.001 0.000 0.000 0.000 0.000 0.992 0.002
0.001 0.000 0.000 0.000 0.000 0.000 0.000 0.000 0.000 0.998 0.000
0.002 0.000 0.000 0.000 0.001 0.000 0.000 0.000 0.000 0.996 0.001
0.000 0.000 0.000 0.000 0.000 0.000 0.000 0.000 0.000 0.999 0.000
0.000 0.000 0.000 0.000 0.000 0.000 0.000 0.000 0.000 0.999 0.000
0.002 0.000 0.000 0.000 0.001 0.000 0.000 0.000 0.000 0.995 0.001
0.006 0.001 0.000 0.001 0.005 0.000 0.000 0.000 0.000 0.984 0.003
0.004 0.001 0.000 0.000 0.005 0.000 0.000 0.000 0.000 0.987 0.002
0.002 0.000 0.000 0.000 0.004 0.000 0.000 0.000 0.000 0.992 0.002
0.039 0.008 0.002 0.005 0.030 0.000 0.000 0.000 0.000 0.884 0.031
0.134 0.035 0.008 0.017 0.072 0.001 0.000 0.000 0.000 0.607 0.125
0.200 0.026 0.009 0.021 0.156 0.002 0.000 0.000 0.000 0.344 0.240
0.199 0.035 0.014 0.040 0.248 0.003 0.000 0.000 0.000 0.305 0.156
0.322 0.035 0.012 0.056 0.257 0.002 0.000 0.000 0.000 0.142 0.172
0.149 0.045 0.022 0.071 0.286 0.003 0.001 0.001 0.000 0.219 0.204
0.081 0.012 0.003 0.017 0.078 0.000 0.000 0.000 0.000 0.742 0.067
0.007 0.001 0.000 0.001 0.003 0.000 0.000 0.000 0.000 0.980 0.007
0.013 0.002 0.000 0.001 0.010 0.000 0.000 0.000 0.000 0.956 0.017
0.035 0.007 0.003 0.011 0.141 0.001 0.000 0.000 0.000 0.668 0.134
0.106 0.010 0.002 0.013 0.067 0.001 0.000 0.000 0.000 0.433 0.368
0.081 0.104 0.010 0.414 0.139 0.003 0.000 0.000 0.000 0.086 0.161
0.129 0.085 0.007 0.220 0.105 0.003 0.000 0.000 0.000 0.046 0.403
0.129 0.018 0.009 0.044 0.175 0.002 0.000 0.000 0.000 0.368 0.254
0.177 0.026 0.017 0.138 0.276 0.003 0.000 0.000 0.000 0.098 0.264
0.117 0.028 0.016 0.269 0.369 0.003 0.000 0.000 0.000 0.095 0.104
0.112 0.027 0.018 0.119 0.375 0.002 0.000 0.000 0.000 0.126 0.220
0.250 0.022 0.007 0.018 0.196 0.001 0.000 0.000 0.000 0.055 0.451
0.227 0.035 0.009 0.024 0.275 0.001 0.000 0.000 0.000 0.117 0.312
0.071 0.024 0.011 0.022 0.311 0.001 0.000 0.000 0.000 0.445 0.115
0.064 0.018 0.007 0.022 0.284 0.001 0.000 0.000 0.000 0.513 0.090
0.092 0.029 0.019 0.051 0.355 0.001 0.000 0.000 0.000 0.280 0.173
0.107 0.034 0.033 0.056 0.432 0.001 0.000 0.000 0.000 0.141 0.195
0.100 0.038 0.028 0.086 0.375 0.001 0.000 0.000 0.000 0.197 0.175
0.093 0.027 0.016 0.137 0.434 0.001 0.000 0.000 0.000 0.148 0.144
0.109 0.024 0.006 0.113 0.311 0.001 0.000 0.000 0.000 0.093 0.345
0.096 0.056 0.007 0.110 0.265 0.001 0.000 0.000 0.000 0.095 0.371
0.091 0.263 0.018 0.166 0.123 0.002 0.000 0.000 0.000 0.222 0.115
0.004 0.696 0.000 0.009 0.006 0.000 0.000 0.000 0.000 0.280 0.004
0.096 0.413 0.004 0.114 0.143 0.002 0.000 0.000 0.000 0.093 0.134
0.275 0.028 0.008 0.117 0.146 0.001 0.000 0.000 0.000 0.061 0.364
0.168 0.028 0.012 0.061 0.252 0.002 0.000 0.000 0.000 0.161 0.316
0.092 0.033 0.023 0.046 0.210 0.002 0.000 0.000 0.000 0.402 0.191
0.044 0.016 0.020 0.017 0.421 0.001 0.000 0.000 0.000 0.341 0.140
0.052 0.016 0.016 0.018 0.281 0.001 0.000 0.000 0.000 0.479 0.137
0.028 0.013 0.005 0.007 0.087 0.001 0.000 0.000 0.000 0.808 0.051
0.032 0.009 0.006 0.008 0.069 0.001 0.000 0.000 0.000 0.808 0.067
0.025 0.009 0.004 0.007 0.033 0.001 0.000 0.000 0.000 0.883 0.037
0.014 0.004 0.002 0.003 0.022 0.000 0.000 0.000 0.000 0.933 0.021
0.013 0.004 0.002 0.003 0.024 0.000 0.000 0.000 0.000 0.929 0.024
0.025 0.018 0.003 0.009 0.045 0.000 0.000 0.000 0.000 0.854 0.046
0.025 0.010 0.003 0.012 0.054 0.000 0.000 0.000 0.000 0.846 0.050
0.025 0.004 0.001 0.008 0.036 0.000 0.000 0.000 0.000 0.900 0.026
0.022 0.004 0.001 0.006 0.026 0.000 0.000 0.000 0.000 0.914 0.027
0.029 0.008 0.001 0.010 0.057 0.000 0.000 0.000 0.000 0.847 0.047
0.017 0.005 0.001 0.007 0.034 0.000 0.000 0.000 0.000 0.910 0.026
0.032 0.003 0.001 0.008 0.050 0.000 0.000 0.000 0.000 0.868 0.039
0.015 0.003 0.001 0.008 0.021 0.000 0.000 0.000 0.000 0.938 0.014
0.010 0.001 0.001 0.004 0.010 0.000 0.000 0.000 0.000 0.967 0.007
0.011 0.002 0.001 0.003 0.013 0.000 0.000 0.000 0.000 0.959 0.010
0.015 0.002 0.001 0.003 0.025 0.000 0.000 0.000 0.000 0.935 0.018
0.010 0.007 0.001 0.004 0.026 0.000 0.000 0.000 0.000 0.934 0.018
0.022 0.007 0.002 0.006 0.038 0.000 0.000 0.000 0.000 0.898 0.027
0.020 0.004 0.001 0.005 0.026 0.000 0.000 0.000 0.000 0.929 0.015
0.007 0.003 0.001 0.002 0.025 0.000 0.000 0.000 0.000 0.954 0.009
0.003 0.002 0.000 0.001 0.016 0.000 0.000 0.000 0.000 0.975 0.003
0.008 0.008 0.001 0.003 0.039 0.000 0.000 0.000 0.000 0.929 0.012
0.019 0.019 0.002 0.008 0.083 0.000 0.000 0.000 0.000 0.839 0.030
0.014 0.022 0.002 0.007 0.057 0.000 0.000 0.000 0.000 0.875 0.023
0.021 0.041 0.004 0.010 0.099 0.000 0.000 0.000 0.000 0.783 0.042
0.009 0.059 0.004 0.022 0.039 0.000 0.000 0.000 0.000 0.836 0.031
0.020 0.028 0.003 0.025 0.028 0.001 0.000 0.000 0.000 0.841 0.055
0.088 0.089 0.003 0.051 0.061 0.004 0.000 0.000 0.000 0.511 0.193
0.008 0.006 0.000 0.002 0.003 0.000 0.000 0.000 0.000 0.969 0.011
0.491 0.008 0.001 0.013 0.130 0.000 0.000 0.000 0.000 0.037 0.321
0.020 0.007 0.003 0.008 0.086 0.000 0.000 0.000 0.000 0.833 0.041
0.301 0.038 0.008 0.024 0.089 0.001 0.000 0.000 0.000 0.273 0.266
0.079 0.002 0.002 0.007 0.191 0.000 0.000 0.000 0.000 0.567 0.151
0.106 0.042 0.012 0.067 0.160 0.004 0.000 0.000 0.000 0.197 0.412
0.179 0.029 0.007 0.139 0.233 0.003 0.000 0.000 0.000 0.111 0.297
0.047 0.017 0.008 0.030 0.295 0.001 0.000 0.000 0.000 0.403 0.199
0.092 0.033 0.017 0.159 0.118 0.002 0.000 0.000 0.000 0.144 0.436
0.080 0.013 0.007 0.048 0.158 0.002 0.000 0.000 0.000 0.483 0.208
0.057 0.011 0.004 0.025 0.174 0.001 0.000 0.000 0.000 0.590 0.137
0.012 0.004 0.001 0.005 0.034 0.000 0.000 0.000 0.000 0.923 0.020
0.005 0.006 0.002 0.007 0.016 0.000 0.000 0.000 0.000 0.953 0.012
0.013 0.017 0.005 0.015 0.053 0.000 0.000 0.000 0.000 0.873 0.023
0.010 0.009 0.004 0.005 0.058 0.000 0.000 0.000 0.000 0.894 0.019
0.000 0.000 0.000 0.000 0.000 0.000 0.000 0.000 0.000 0.999 0.000
0.000 0.000 0.000 0.000 0.000 0.000 0.000 0.000 0.000 0.999 0.000
0.000 0.000 0.000 0.000 0.000 0.000 0.000 0.000 0.000 0.999 0.000
0.000 0.000 0.000 0.000 0.000 0.000 0.000 0.000 0.000 0.999 0.000
0.000 0.000 0.000 0.000 0.000 0.000 0.000 0.000 0.000 1.000 0.000
0.000 0.000 0.000 0.000 0.000 0.000 0.000 0.000 0.000 1.000 0.000
0.000 0.000 0.000 0.000 0.000 0.000 0.000 0.000 0.000 1.000 0.000
0.000 0.000 0.000 0.000 0.000 0.000 0.000 0.000 0.000 1.000 0.000
0.000 0.000 0.000 0.000 0.000 0.000 0.000 0.000 0.000 1.000 0.000
0.000 0.000 0.000 0.000 0.000 0.000 0.000 0.000 0.000 1.000 0.000
0.000 0.000 0.000 0.000 0.000 0.000 0.000 0.000 0.000 0.999 0.000
0.000 0.000 0.000 0.000 0.000 0.000 0.000 0.000 0.000 1.000 0.000
0.000 0.000 0.000 0.000 0.001 0.000 0.000 0.000 0.000 0.999 0.000
0.000 0.000 0.000 0.000 0.000 0.000 0.000 0.000 0.000 0.999 0.000
0.000 0.000 0.000 0.000 0.000 0.000 0.000 0.000 0.000 1.000 0.000
0.000 0.000 0.000 0.000 0.000 0.000 0.000 0.000 0.000 1.000 0.000
0.000 0.000 0.000 0.000 0.000 0.000 0.000 0.000 0.000 1.000 0.000
0.001 0.000 0.000 0.000 0.000 0.000 0.000 0.000 0.000 0.999 0.000
0.002 0.000 0.000 0.000 0.002 0.000 0.000 0.000 0.000 0.995 0.001
0.010 0.001 0.000 0.001 0.009 0.000 0.000 0.000 0.000 0.969 0.010
0.069 0.018 0.007 0.013 0.081 0.000 0.000 0.000 0.000 0.658 0.154
0.016 0.005 0.001 0.016 0.053 0.000 0.000 0.000 0.000 0.819 0.089
0.111 0.093 0.002 0.187 0.077 0.001 0.000 0.000 0.000 0.022 0.507
0.174 0.006 0.001 0.020 0.034 0.000 0.000 0.000 0.000 0.051 0.714
0.022 0.010 0.004 0.008 0.098 0.000 0.000 0.000 0.000 0.824 0.033
0.045 0.020 0.008 0.022 0.342 0.001 0.000 0.000 0.000 0.439 0.122
0.061 0.024 0.009 0.037 0.369 0.001 0.000 0.000 0.000 0.306 0.192
0.106 0.023 0.008 0.071 0.316 0.003 0.000 0.000 0.000 0.160 0.313
0.128 0.209 0.002 0.213 0.073 0.002 0.000 0.000 0.000 0.100 0.273
0.125 0.040 0.002 0.058 0.063 0.001 0.000 0.000 0.000 0.072 0.639
0.211 0.006 0.001 0.007 0.035 0.000 0.000 0.000 0.000 0.261 0.480
0.069 0.007 0.002 0.008 0.067 0.000 0.000 0.000 0.000 0.738 0.108
0.068 0.014 0.004 0.019 0.240 0.001 0.000 0.000 0.000 0.515 0.139
0.153 0.017 0.007 0.015 0.133 0.000 0.000 0.000 0.000 0.438 0.237
0.047 0.015 0.005 0.012 0.106 0.001 0.000 0.000 0.000 0.710 0.104
0.031 0.008 0.002 0.016 0.047 0.000 0.000 0.000 0.000 0.848 0.049
0.169 0.034 0.005 0.125 0.143 0.004 0.000 0.000 0.000 0.068 0.452
0.059 0.061 0.016 0.268 0.186 0.004 0.000 0.000 0.000 0.119 0.287
0.057 0.036 0.012 0.188 0.235 0.002 0.000 0.000 0.000 0.225 0.245
0.098 0.037 0.006 0.225 0.214 0.004 0.000 0.000 0.000 0.094 0.321
0.036 0.012 0.003 0.018 0.251 0.001 0.000 0.000 0.000 0.613 0.066
0.021 0.007 0.002 0.010 0.105 0.000 0.000 0.000 0.000 0.815 0.040
0.004 0.000 0.000 0.000 0.003 0.000 0.000 0.000 0.000 0.989 0.004
0.005 0.000 0.000 0.000 0.005 0.000 0.000 0.000 0.000 0.981 0.007
0.037 0.002 0.001 0.004 0.023 0.000 0.000 0.000 0.000 0.895 0.039
0.006 0.000 0.000 0.000 0.004 0.000 0.000 0.000 0.000 0.987 0.003
0.001 0.000 0.000 0.000 0.001 0.000 0.000 0.000 0.000 0.998 0.000
0.001 0.000 0.000 0.000 0.001 0.000 0.000 0.000 0.000 0.999 0.000
0.014 0.003 0.002 0.006 0.148 0.000 0.000 0.000 0.000 0.801 0.026
0.114 0.036 0.024 0.074 0.280 0.002 0.001 0.001 0.000 0.247 0.221
0.161 0.004 0.001 0.015 0.047 0.000 0.000 0.000 0.000 0.100 0.671
0.097 0.006 0.003 0.025 0.476 0.001 0.000 0.000 0.000 0.099 0.294
0.053 0.009 0.003 0.013 0.575 0.001 0.000 0.000 0.000 0.216 0.131
0.103 0.009 0.004 0.008 0.408 0.001 0.000 0.000 0.000 0.221 0.247
0.287 0.021 0.005 0.013 0.147 0.001 0.000 0.000 0.000 0.118 0.409
0.201 0.030 0.007 0.025 0.179 0.001 0.000 0.000 0.000 0.165 0.390
0.191 0.010 0.003 0.013 0.086 0.001 0.000 0.000 0.000 0.183 0.513
0.256 0.011 0.006 0.031 0.309 0.001 0.000 0.000 0.000 0.082 0.303
0.163 0.031 0.013 0.056 0.301 0.002 0.000 0.000 0.000 0.255 0.177
0.133 0.036 0.018 0.056 0.217 0.002 0.000 0.000 0.000 0.416 0.121
0.027 0.012 0.005 0.021 0.092 0.000 0.000 0.000 0.000 0.792 0.050
0.011 0.005 0.003 0.012 0.057 0.000 0.000 0.000 0.000 0.879 0.032
0.007 0.008 0.002 0.008 0.039 0.000 0.000 0.000 0.000 0.916 0.020
0.010 0.010 0.002 0.005 0.055 0.000 0.000 0.000 0.000 0.886 0.032
0.018 0.029 0.004 0.014 0.081 0.000 0.000 0.000 0.000 0.802 0.051
0.013 0.021 0.003 0.008 0.033 0.000 0.000 0.000 0.000 0.901 0.019
0.011 0.009 0.002 0.004 0.029 0.000 0.000 0.000 0.000 0.933 0.013
0.011 0.004 0.001 0.003 0.019 0.000 0.000 0.000 0.000 0.937 0.025
0.024 0.012 0.002 0.010 0.050 0.000 0.000 0.000 0.000 0.838 0.064
0.006 0.003 0.000 0.002 0.010 0.000 0.000 0.000 0.000 0.968 0.011
0.010 0.006 0.001 0.005 0.025 0.000 0.000 0.000 0.000 0.927 0.026
0.028 0.011 0.002 0.012 0.077 0.000 0.000 0.000 0.000 0.785 0.085
0.019 0.013 0.002 0.012 0.059 0.000 0.000 0.000 0.000 0.843 0.052
0.012 0.007 0.003 0.009 0.051 0.000 0.000 0.000 0.000 0.882 0.036
0.010 0.004 0.001 0.005 0.041 0.000 0.000 0.000 0.000 0.905 0.034
0.025 0.016 0.005 0.022 0.118 0.000 0.000 0.000 0.000 0.720 0.094
0.012 0.009 0.003 0.013 0.059 0.000 0.000 0.000 0.000 0.862 0.041
0.020 0.010 0.004 0.031 0.076 0.000 0.000 0.000 0.000 0.799 0.060
0.038 0.010 0.003 0.018 0.121 0.000 0.000 0.000 0.000 0.698 0.111
0.040 0.020 0.006 0.035 0.167 0.000 0.000 0.000 0.000 0.581 0.150
0.032 0.016 0.006 0.027 0.144 0.000 0.000 0.000 0.000 0.666 0.109
0.042 0.017 0.007 0.033 0.188 0.000 0.000 0.000 0.000 0.558 0.155
0.047 0.011 0.004 0.028 0.205 0.000 0.000 0.000 0.000 0.551 0.154
0.017 0.007 0.003 0.013 0.107 0.000 0.000 0.000 0.000 0.793 0.059
0.017 0.006 0.002 0.007 0.118 0.000 0.000 0.000 0.000 0.805 0.044
0.004 0.000 0.000 0.000 0.001 0.000 0.000 0.000 0.000 0.989 0.006
0.004 0.000 0.000 0.000 0.002 0.000 0.000 0.000 0.000 0.991 0.003
0.002 0.000 0.000 0.000 0.000 0.000 0.000 0.000 0.000 0.996 0.001
0.009 0.000 0.000 0.000 0.002 0.000 0.000 0.000 0.000 0.978 0.010
0.005 0.000 0.000 0.000 0.002 0.000 0.000 0.000 0.000 0.986 0.007
0.002 0.000 0.000 0.000 0.001 0.000 0.000 0.000 0.000 0.996 0.001
0.003 0.000 0.000 0.000 0.001 0.000 0.000 0.000 0.000 0.993 0.003
0.023 0.001 0.000 0.001 0.010 0.000 0.000 0.000 0.000 0.932 0.033
0.021 0.001 0.000 0.001 0.012 0.000 0.000 0.000 0.000 0.938 0.026
0.060 0.005 0.001 0.007 0.050 0.000 0.000 0.000 0.000 0.777 0.099
0.095 0.010 0.002 0.011 0.082 0.000 0.000 0.000 0.000 0.601 0.198
0.216 0.011 0.004 0.013 0.143 0.000 0.000 0.000 0.000 0.257 0.356
0.205 0.009 0.004 0.015 0.160 0.000 0.000 0.000 0.000 0.403 0.204
0.125 0.009 0.006 0.013 0.370 0.001 0.000 0.000 0.000 0.277 0.198
0.050 0.019 0.006 0.015 0.254 0.001 0.000 0.000 0.000 0.551 0.104
0.073 0.024 0.007 0.016 0.197 0.001 0.000 0.000 0.000 0.538 0.144
0.099 0.014 0.005 0.011 0.132 0.001 0.000 0.000 0.000 0.498 0.241
0.075 0.010 0.004 0.010 0.131 0.001 0.000 0.000 0.000 0.561 0.208
0.012 0.003 0.001 0.001 0.054 0.000 0.000 0.000 0.000 0.906 0.021
0.091 0.028 0.015 0.054 0.226 0.003 0.001 0.000 0.000 0.328 0.254
0.098 0.018 0.006 0.073 0.084 0.001 0.000 0.000 0.000 0.177 0.544
0.239 0.008 0.003 0.007 0.069 0.000 0.000 0.000 0.000 0.339 0.334
0.082 0.010 0.005 0.017 0.586 0.000 0.000 0.000 0.000 0.137 0.164
0.063 0.004 0.002 0.007 0.230 0.001 0.000 0.000 0.000 0.574 0.120
0.003 0.000 0.000 0.000 0.002 0.000 0.000 0.000 0.000 0.992 0.003
0.009 0.000 0.000 0.000 0.009 0.000 0.000 0.000 0.000 0.969 0.013
0.192 0.011 0.004 0.014 0.113 0.001 0.000 0.000 0.000 0.253 0.412
0.051 0.006 0.003 0.007 0.101 0.001 0.000 0.000 0.000 0.758 0.073
0.007 0.001 0.000 0.001 0.026 0.000 0.000 0.000 0.000 0.958 0.006
0.019 0.001 0.000 0.001 0.050 0.000 0.000 0.000 0.000 0.910 0.019
0.047 0.003 0.002 0.007 0.103 0.000 0.000 0.000 0.000 0.760 0.077
0.037 0.004 0.002 0.008 0.254 0.000 0.000 0.000 0.000 0.590 0.103
0.021 0.005 0.004 0.010 0.472 0.000 0.000 0.000 0.000 0.344 0.144
0.019 0.010 0.004 0.019 0.356 0.000 0.000 0.000 0.000 0.405 0.186
0.026 0.037 0.004 0.038 0.342 0.001 0.000 0.000 0.000 0.298 0.254
0.031 0.065 0.006 0.059 0.286 0.001 0.000 0.000 0.000 0.308 0.244
0.015 0.034 0.006 0.041 0.236 0.000 0.000 0.000 0.000 0.533 0.134
0.012 0.034 0.005 0.028 0.201 0.000 0.000 0.000 0.000 0.603 0.116
0.010 0.038 0.004 0.025 0.145 0.000 0.000 0.000 0.000 0.667 0.110
0.013 0.054 0.006 0.039 0.190 0.000 0.000 0.000 0.000 0.552 0.147
0.012 0.034 0.004 0.032 0.106 0.000 0.000 0.000 0.000 0.662 0.150
0.018 0.060 0.005 0.030 0.197 0.000 0.000 0.000 0.000 0.463 0.227
0.009 0.055 0.003 0.035 0.127 0.000 0.000 0.000 0.000 0.603 0.168
0.024 0.039 0.001 0.025 0.114 0.000 0.000 0.000 0.000 0.633 0.164
0.019 0.051 0.004 0.038 0.121 0.000 0.000 0.000 0.000 0.538 0.229
0.013 0.024 0.002 0.017 0.091 0.000 0.000 0.000 0.000 0.739 0.114
0.018 0.018 0.001 0.017 0.109 0.000 0.000 0.000 0.000 0.710 0.126
0.009 0.009 0.001 0.009 0.055 0.000 0.000 0.000 0.000 0.840 0.076
0.017 0.012 0.002 0.014 0.128 0.000 0.000 0.000 0.000 0.613 0.213
0.020 0.011 0.001 0.023 0.108 0.000 0.000 0.000 0.000 0.625 0.212
0.004 0.005 0.001 0.005 0.043 0.000 0.000 0.000 0.000 0.890 0.052
0.002 0.003 0.001 0.001 0.018 0.000 0.000 0.000 0.000 0.960 0.015
0.003 0.004 0.000 0.001 0.021 0.000 0.000 0.000 0.000 0.952 0.018
0.005 0.005 0.001 0.003 0.026 0.000 0.000 0.000 0.000 0.925 0.035
0.003 0.004 0.000 0.002 0.031 0.000 0.000 0.000 0.000 0.937 0.023
0.006 0.004 0.000 0.005 0.038 0.000 0.000 0.000 0.000 0.900 0.046
0.024 0.018 0.004 0.011 0.101 0.000 0.000 0.000 0.000 0.772 0.070
0.029 0.010 0.001 0.013 0.038 0.000 0.000 0.000 0.000 0.874 0.035
0.023 0.010 0.001 0.015 0.040 0.000 0.000 0.000 0.000 0.876 0.035
0.034 0.015 0.001 0.018 0.048 0.000 0.000 0.000 0.000 0.839 0.044
0.027 0.014 0.002 0.022 0.073 0.000 0.000 0.000 0.000 0.809 0.052
0.008 0.008 0.001 0.004 0.024 0.000 0.000 0.000 0.000 0.939 0.016
0.004 0.007 0.001 0.003 0.015 0.000 0.000 0.000 0.000 0.962 0.008
0.005 0.010 0.001 0.003 0.018 0.000 0.000 0.000 0.000 0.956 0.008
0.010 0.017 0.001 0.004 0.045 0.000 0.000 0.000 0.000 0.900 0.023
0.008 0.009 0.001 0.003 0.029 0.000 0.000 0.000 0.000 0.930 0.020
0.002 0.008 0.000 0.002 0.016 0.000 0.000 0.000 0.000 0.964 0.007
0.014 0.038 0.004 0.009 0.073 0.000 0.000 0.000 0.000 0.829 0.032
0.022 0.042 0.003 0.016 0.093 0.000 0.000 0.000 0.000 0.785 0.038
0.168 0.223 0.001 0.163 0.072 0.002 0.000 0.000 0.000 0.034 0.337
0.119 0.014 0.004 0.012 0.127 0.001 0.000 0.000 0.000 0.416 0.307
0.094 0.010 0.005 0.029 0.091 0.001 0.000 0.000 0.000 0.603 0.165
0.130 0.020 0.008 0.101 0.150 0.002 0.000 0.000 0.000 0.274 0.314
0.108 0.019 0.019 0.058 0.118 0.001 0.000 0.000 0.000 0.417 0.259
0.051 0.022 0.001 0.018 0.053 0.001 0.000 0.000 0.000 0.740 0.113
0.083 0.008 0.001 0.017 0.054 0.001 0.000 0.000 0.000 0.661 0.174
0.029 0.003 0.001 0.003 0.027 0.000 0.000 0.000 0.000 0.865 0.074
0.114 0.009 0.002 0.012 0.107 0.001 0.000 0.000 0.000 0.260 0.495
0.198 0.016 0.006 0.050 0.096 0.001 0.000 0.000 0.000 0.135 0.497
0.111 0.010 0.004 0.029 0.331 0.001 0.000 0.000 0.000 0.262 0.251
0.102 0.016 0.006 0.040 0.239 0.001 0.000 0.000 0.000 0.344 0.252
0.017 0.008 0.002 0.016 0.168 0.000 0.000 0.000 0.000 0.693 0.095
0.050 0.013 0.003 0.031 0.249 0.000 0.000 0.000 0.000 0.527 0.127
0.011 0.010 0.002 0.011 0.051 0.000 0.000 0.000 0.000 0.884 0.031
0.017 0.017 0.004 0.013 0.059 0.000 0.000 0.000 0.000 0.834 0.056
0.007 0.006 0.001 0.010 0.022 0.000 0.000 0.000 0.000 0.942 0.013
0.016 0.014 0.002 0.017 0.068 0.000 0.000 0.000 0.000 0.838 0.045
0.011 0.005 0.001 0.013 0.039 0.000 0.000 0.000 0.000 0.899 0.031
0.007 0.003 0.001 0.007 0.016 0.000 0.000 0.000 0.000 0.955 0.011
0.005 0.010 0.002 0.006 0.014 0.000 0.000 0.000 0.000 0.951 0.012
0.001 0.004 0.001 0.002 0.003 0.000 0.000 0.000 0.000 0.986 0.002
0.004 0.004 0.001 0.002 0.005 0.000 0.000 0.000 0.000 0.983 0.002
0.004 0.001 0.000 0.001 0.002 0.000 0.000 0.000 0.000 0.990 0.002
0.001 0.000 0.000 0.000 0.001 0.000 0.000 0.000 0.000 0.997 0.000
0.000 0.000 0.000 0.000 0.000 0.000 0.000 0.000 0.000 0.999 0.000
0.000 0.000 0.000 0.000 0.000 0.000 0.000 0.000 0.000 0.999 0.000
0.203 0.025 0.011 0.093 0.134 0.001 0.000 0.000 0.000 0.187 0.346
0.186 0.008 0.004 0.034 0.301 0.001 0.000 0.000 0.000 0.061 0.404
0.079 0.029 0.015 0.034 0.482 0.001 0.000 0.000 0.000 0.204 0.154
0.112 0.034 0.013 0.037 0.341 0.001 0.000 0.000 0.000 0.217 0.245
0.110 0.024 0.015 0.035 0.284 0.002 0.000 0.000 0.000 0.249 0.281
0.272 0.004 0.000 0.003 0.023 0.000 0.000 0.000 0.000 0.076 0.623
0.177 0.007 0.004 0.009 0.223 0.001 0.000 0.000 0.000 0.302 0.277
0.001 0.000 0.000 0.000 0.001 0.000 0.000 0.000 0.000 0.998 0.000
0.007 0.001 0.002 0.001 0.012 0.000 0.000 0.000 0.000 0.967 0.011
0.035 0.009 0.044 0.027 0.108 0.000 0.000 0.000 0.000 0.741 0.036
0.017 0.003 0.001 0.005 0.095 0.000 0.000 0.000 0.000 0.847 0.031
0.036 0.008 0.005 0.013 0.189 0.001 0.000 0.000 0.000 0.698 0.051
0.021 0.004 0.002 0.007 0.083 0.000 0.000 0.000 0.000 0.843 0.041
0.026 0.006 0.003 0.017 0.225 0.000 0.000 0.000 0.000 0.675 0.047
0.071 0.021 0.009 0.050 0.304 0.002 0.000 0.000 0.000 0.385 0.157
0.197 0.009 0.003 0.053 0.189 0.001 0.000 0.000 0.000 0.101 0.447
0.152 0.015 0.003 0.043 0.356 0.001 0.000 0.000 0.000 0.050 0.379
0.026 0.012 0.003 0.018 0.132 0.001 0.000 0.000 0.000 0.729 0.079
0.001 0.000 0.000 0.000 0.001 0.000 0.000 0.000 0.000 0.998 0.000
0.014 0.001 0.000 0.000 0.002 0.000 0.000 0.000 0.000 0.976 0.006
0.024 0.001 0.001 0.001 0.010 0.000 0.000 0.000 0.000 0.930 0.033
0.021 0.001 0.000 0.001 0.004 0.000 0.000 0.000 0.000 0.962 0.010
0.008 0.000 0.000 0.000 0.003 0.000 0.000 0.000 0.000 0.984 0.004
0.003 0.000 0.000 0.000 0.001 0.000 0.000 0.000 0.000 0.995 0.001
0.018 0.001 0.001 0.002 0.010 0.000 0.000 0.000 0.000 0.958 0.010
0.016 0.001 0.001 0.002 0.023 0.000 0.000 0.000 0.000 0.944 0.013
0.012 0.001 0.001 0.002 0.053 0.000 0.000 0.000 0.000 0.917 0.014
0.003 0.001 0.001 0.001 0.079 0.000 0.000 0.000 0.000 0.911 0.004
0.002 0.000 0.000 0.000 0.011 0.000 0.000 0.000 0.000 0.986 0.001
0.003 0.001 0.001 0.001 0.015 0.000 0.000 0.000 0.000 0.974 0.005
0.005 0.003 0.001 0.002 0.028 0.000 0.000 0.000 0.000 0.952 0.008
0.004 0.002 0.001 0.001 0.013 0.000 0.000 0.000 0.000 0.974 0.005
0.009 0.007 0.002 0.002 0.036 0.000 0.000 0.000 0.000 0.924 0.019
0.010 0.017 0.003 0.006 0.055 0.000 0.000 0.000 0.000 0.876 0.033
0.005 0.008 0.002 0.003 0.027 0.000 0.000 0.000 0.000 0.937 0.018
0.009 0.008 0.001 0.007 0.030 0.000 0.000 0.000 0.000 0.908 0.037
0.006 0.009 0.001 0.005 0.022 0.000 0.000 0.000 0.000 0.933 0.024
0.006 0.008 0.001 0.004 0.023 0.000 0.000 0.000 0.000 0.939 0.019
0.003 0.004 0.000 0.003 0.011 0.000 0.000 0.000 0.000 0.971 0.008
0.003 0.005 0.000 0.003 0.012 0.000 0.000 0.000 0.000 0.965 0.011
0.003 0.007 0.000 0.003 0.017 0.000 0.000 0.000 0.000 0.960 0.010
0.002 0.004 0.000 0.004 0.012 0.000 0.000 0.000 0.000 0.969 0.009
0.002 0.003 0.000 0.003 0.006 0.000 0.000 0.000 0.000 0.979 0.006
0.002 0.004 0.001 0.004 0.011 0.000 0.000 0.000 0.000 0.967 0.011
0.005 0.004 0.000 0.005 0.016 0.000 0.000 0.000 0.000 0.948 0.021
0.003 0.002 0.000 0.002 0.010 0.000 0.000 0.000 0.000 0.970 0.013
0.006 0.005 0.001 0.006 0.032 0.000 0.000 0.000 0.000 0.907 0.042
0.005 0.006 0.001 0.008 0.025 0.000 0.000 0.000 0.000 0.922 0.032
0.005 0.007 0.001 0.007 0.040 0.000 0.000 0.000 0.000 0.891 0.048
0.013 0.008 0.001 0.008 0.037 0.000 0.000 0.000 0.000 0.879 0.054
0.017 0.009 0.002 0.011 0.041 0.000 0.000 0.000 0.000 0.848 0.072
0.005 0.002 0.000 0.002 0.017 0.000 0.000 0.000 0.000 0.956 0.016
0.002 0.001 0.000 0.001 0.009 0.000 0.000 0.000 0.000 0.978 0.008
0.010 0.010 0.002 0.009 0.039 0.000 0.000 0.000 0.000 0.895 0.035
0.001 0.001 0.000 0.001 0.006 0.000 0.000 0.000 0.000 0.988 0.003
0.003 0.002 0.000 0.003 0.013 0.000 0.000 0.000 0.000 0.966 0.011
0.001 0.000 0.000 0.000 0.001 0.000 0.000 0.000 0.000 0.996 0.001
0.008 0.002 0.000 0.003 0.012 0.000 0.000 0.000 0.000 0.964 0.010
0.009 0.001 0.000 0.002 0.012 0.000 0.000 0.000 0.000 0.967 0.008
0.007 0.002 0.000 0.001 0.007 0.000 0.000 0.000 0.000 0.978 0.006
0.002 0.001 0.000 0.000 0.004 0.000 0.000 0.000 0.000 0.990 0.002
0.000 0.000 0.000 0.000 0.001 0.000 0.000 0.000 0.000 0.997 0.001
0.277 0.011 0.003 0.012 0.145 0.001 0.000 0.000 0.000 0.060 0.492
0.415 0.015 0.004 0.032 0.205 0.001 0.000 0.000 0.000 0.143 0.185
0.147 0.004 0.002 0.015 0.041 0.000 0.000 0.000 0.000 0.629 0.162
0.018 0.771 0.001 0.100 0.043 0.000 0.000 0.000 0.000 0.016 0.051
0.169 0.198 0.007 0.136 0.093 0.002 0.000 0.000 0.000 0.064 0.332
0.115 0.031 0.011 0.035 0.240 0.002 0.000 0.000 0.000 0.345 0.220
0.114 0.028 0.011 0.036 0.169 0.001 0.000 0.000 0.000 0.429 0.212
0.048 0.014 0.006 0.022 0.103 0.001 0.000 0.000 0.000 0.753 0.053
0.013 0.013 0.002 0.012 0.012 0.000 0.000 0.000 0.000 0.921 0.028
0.137 0.021 0.010 0.053 0.241 0.002 0.000 0.000 0.000 0.366 0.167
0.097 0.018 0.009 0.039 0.266 0.001 0.000 0.000 0.000 0.433 0.136
0.078 0.024 0.010 0.021 0.170 0.001 0.000 0.000 0.000 0.479 0.217
0.027 0.201 0.006 0.031 0.187 0.001 0.000 0.000 0.000 0.472 0.076
0.011 0.792 0.001 0.048 0.069 0.001 0.000 0.000 0.000 0.043 0.035
0.105 0.032 0.016 0.085 0.226 0.003 0.000 0.000 0.000 0.277 0.256
0.003 0.001 0.000 0.001 0.010 0.000 0.000 0.000 0.000 0.983 0.002
0.002 0.001 0.000 0.000 0.016 0.000 0.000 0.000 0.000 0.979 0.002
0.001 0.000 0.000 0.000 0.003 0.000 0.000 0.000 0.000 0.994 0.001
0.002 0.003 0.000 0.001 0.003 0.000 0.000 0.000 0.000 0.988 0.003
0.001 0.000 0.000 0.000 0.001 0.000 0.000 0.000 0.000 0.997 0.001
0.001 0.000 0.000 0.000 0.001 0.000 0.000 0.000 0.000 0.997 0.001
0.000 0.000 0.000 0.000 0.000 0.000 0.000 0.000 0.000 1.000 0.000
0.000 0.000 0.000 0.000 0.000 0.000 0.000 0.000 0.000 1.000 0.000
0.001 0.000 0.000 0.000 0.000 0.000 0.000 0.000 0.000 0.999 0.000
0.001 0.000 0.000 0.000 0.000 0.000 0.000 0.000 0.000 0.997 0.001
0.000 0.000 0.000 0.000 0.000 0.000 0.000 0.000 0.000 1.000 0.000
0.001 0.000 0.000 0.000 0.000 0.000 0.000 0.000 0.000 0.999 0.000
0.001 0.000 0.000 0.000 0.000 0.000 0.000 0.000 0.000 0.999 0.001
0.000 0.000 0.000 0.000 0.000 0.000 0.000 0.000 0.000 0.999 0.000
0.002 0.000 0.000 0.000 0.002 0.000 0.000 0.000 0.000 0.995 0.001
0.002 0.000 0.000 0.000 0.003 0.000 0.000 0.000 0.000 0.992 0.002
0.022 0.008 0.002 0.006 0.068 0.000 0.000 0.000 0.000 0.859 0.034
0.002 0.000 0.000 0.000 0.001 0.000 0.000 0.000 0.000 0.994 0.002
0.005 0.001 0.000 0.000 0.002 0.000 0.000 0.000 0.000 0.987 0.005
0.082 0.004 0.001 0.003 0.033 0.000 0.000 0.000 0.000 0.773 0.103
0.007 0.001 0.000 0.001 0.050 0.000 0.000 0.000 0.000 0.931 0.010
0.008 0.001 0.000 0.001 0.006 0.000 0.000 0.000 0.000 0.978 0.008
0.012 0.003 0.001 0.003 0.022 0.000 0.000 0.000 0.000 0.936 0.022
0.021 0.019 0.009 0.027 0.140 0.000 0.000 0.000 0.000 0.660 0.123
0.056 0.012 0.006 0.018 0.163 0.001 0.000 0.000 0.000 0.565 0.179
0.014 0.009 0.004 0.011 0.063 0.001 0.000 0.000 0.000 0.848 0.051
0.049 0.015 0.007 0.028 0.076 0.001 0.000 0.000 0.000 0.692 0.132
0.039 0.012 0.017 0.025 0.118 0.001 0.000 0.000 0.000 0.664 0.125
0.054 0.046 0.021 0.151 0.304 0.001 0.000 0.000 0.000 0.306 0.117
0.045 0.064 0.019 0.085 0.288 0.002 0.000 0.000 0.000 0.254 0.243
0.144 0.049 0.002 0.048 0.020 0.001 0.000 0.000 0.000 0.021 0.714
0.082 0.023 0.002 0.018 0.036 0.001 0.000 0.000 0.000 0.031 0.805
0.068 0.003 0.001 0.003 0.025 0.000 0.000 0.000 0.000 0.773 0.126
0.014 0.000 0.000 0.000 0.010 0.000 0.000 0.000 0.000 0.964 0.012
0.071 0.006 0.002 0.007 0.064 0.001 0.000 0.000 0.000 0.722 0.128
0.008 0.001 0.000 0.001 0.034 0.000 0.000 0.000 0.000 0.940 0.015
0.272 0.005 0.001 0.008 0.078 0.000 0.000 0.000 0.000 0.133 0.503
0.219 0.016 0.007 0.037 0.153 0.001 0.000 0.000 0.000 0.283 0.283
0.038 0.016 0.009 0.019 0.151 0.001 0.000 0.000 0.000 0.672 0.093
0.012 0.005 0.002 0.004 0.035 0.000 0.000 0.000 0.000 0.916 0.026
0.029 0.010 0.003 0.009 0.067 0.000 0.000 0.000 0.000 0.827 0.053
0.010 0.004 0.001 0.003 0.036 0.000 0.000 0.000 0.000 0.926 0.019
0.044 0.007 0.004 0.012 0.066 0.001 0.000 0.000 0.000 0.807 0.059
0.026 0.007 0.002 0.008 0.020 0.000 0.000 0.000 0.000 0.896 0.041
0.054 0.010 0.003 0.021 0.054 0.001 0.000 0.000 0.000 0.812 0.045
0.086 0.020 0.021 0.026 0.111 0.001 0.000 0.000 0.000 0.609 0.125
0.018 0.005 0.003 0.014 0.051 0.000 0.000 0.000 0.000 0.885 0.024
0.033 0.015 0.006 0.018 0.042 0.001 0.000 0.000 0.000 0.822 0.063
0.005 0.001 0.000 0.001 0.005 0.000 0.000 0.000 0.000 0.979 0.009
0.019 0.007 0.003 0.009 0.054 0.000 0.000 0.000 0.000 0.861 0.047
0.017 0.004 0.001 0.007 0.046 0.000 0.000 0.000 0.000 0.889 0.037
0.017 0.005 0.003 0.008 0.061 0.000 0.000 0.000 0.000 0.880 0.026
0.026 0.007 0.003 0.008 0.052 0.000 0.000 0.000 0.000 0.859 0.044
0.016 0.003 0.001 0.002 0.024 0.000 0.000 0.000 0.000 0.922 0.032
0.237 0.014 0.006 0.014 0.059 0.001 0.000 0.000 0.000 0.431 0.238
0.138 0.007 0.002 0.009 0.074 0.001 0.000 0.000 0.000 0.576 0.194
0.176 0.015 0.007 0.027 0.243 0.001 0.000 0.000 0.000 0.359 0.172
0.046 0.021 0.007 0.023 0.095 0.001 0.000 0.000 0.000 0.736 0.072
0.007 0.004 0.002 0.004 0.066 0.000 0.000 0.000 0.000 0.898 0.019
0.013 0.006 0.003 0.008 0.033 0.000 0.000 0.000 0.000 0.914 0.022
0.005 0.002 0.001 0.002 0.022 0.000 0.000 0.000 0.000 0.959 0.009
0.003 0.000 0.001 0.000 0.026 0.000 0.000 0.000 0.000 0.964 0.006
0.000 0.000 0.000 0.000 0.005 0.000 0.000 0.000 0.000 0.994 0.001
0.004 0.001 0.001 0.003 0.024 0.000 0.000 0.000 0.000 0.955 0.011
0.008 0.003 0.002 0.005 0.032 0.000 0.000 0.000 0.000 0.934 0.016
0.007 0.003 0.001 0.005 0.021 0.000 0.000 0.000 0.000 0.950 0.013
0.033 0.013 0.005 0.017 0.075 0.001 0.000 0.000 0.000 0.798 0.058
0.024 0.008 0.003 0.007 0.041 0.000 0.000 0.000 0.000 0.882 0.035
0.021 0.007 0.002 0.005 0.023 0.000 0.000 0.000 0.000 0.919 0.023
0.055 0.011 0.004 0.009 0.045 0.000 0.000 0.000 0.000 0.768 0.109
0.005 0.016 0.001 0.005 0.012 0.000 0.000 0.000 0.000 0.944 0.017
0.002 0.005 0.000 0.003 0.003 0.000 0.000 0.000 0.000 0.984 0.003
0.000 0.001 0.000 0.000 0.000 0.000 0.000 0.000 0.000 0.998 0.000
0.000 0.003 0.000 0.000 0.001 0.000 0.000 0.000 0.000 0.995 0.001
0.000 0.000 0.000 0.000 0.000 0.000 0.000 0.000 0.000 1.000 0.000
0.001 0.004 0.000 0.001 0.004 0.000 0.000 0.000 0.000 0.987 0.003
0.027 0.026 0.001 0.013 0.068 0.000 0.000 0.000 0.000 0.792 0.072
0.047 0.005 0.000 0.008 0.080 0.000 0.000 0.000 0.000 0.755 0.105
0.014 0.004 0.000 0.002 0.031 0.000 0.000 0.000 0.000 0.925 0.023
0.002 0.001 0.000 0.001 0.006 0.000 0.000 0.000 0.000 0.986 0.004
0.105 0.033 0.012 0.145 0.213 0.002 0.000 0.000 0.000 0.142 0.347
0.062 0.012 0.009 0.040 0.251 0.001 0.000 0.000 0.000 0.498 0.128
0.024 0.008 0.031 0.008 0.123 0.000 0.000 0.000 0.000 0.731 0.074
0.219 0.032 0.003 0.014 0.150 0.001 0.000 0.000 0.000 0.048 0.532
0.319 0.067 0.007 0.018 0.209 0.000 0.000 0.000 0.000 0.044 0.337
0.233 0.076 0.003 0.107 0.100 0.001 0.000 0.000 0.000 0.075 0.404
0.129 0.033 0.023 0.092 0.257 0.003 0.000 0.000 0.000 0.285 0.178
0.094 0.018 0.009 0.055 0.232 0.002 0.000 0.000 0.000 0.445 0.145
0.022 0.022 0.005 0.015 0.097 0.000 0.000 0.000 0.000 0.781 0.057
0.483 0.024 0.002 0.023 0.043 0.001 0.000 0.000 0.000 0.043 0.382
0.031 0.007 0.004 0.015 0.048 0.001 0.000 0.000 0.000 0.838 0.058
0.138 0.035 0.016 0.055 0.244 0.002 0.000 0.000 0.000 0.328 0.182
0.067 0.018 0.007 0.033 0.140 0.001 0.000 0.000 0.000 0.636 0.097
0.013 0.005 0.002 0.007 0.035 0.000 0.000 0.000 0.000 0.913 0.024
0.067 0.028 0.015 0.051 0.284 0.001 0.000 0.000 0.000 0.416 0.139
0.094 0.028 0.015 0.060 0.313 0.002 0.000 0.000 0.000 0.297 0.192
0.085 0.027 0.017 0.057 0.456 0.002 0.000 0.000 0.000 0.162 0.193
0.202 0.004 0.000 0.006 0.214 0.000 0.000 0.000 0.000 0.010 0.563
0.148 0.037 0.009 0.046 0.330 0.001 0.000 0.000 0.000 0.241 0.187
0.018 0.019 0.003 0.028 0.060 0.000 0.000 0.000 0.000 0.837 0.035
0.069 0.123 0.020 0.151 0.159 0.002 0.000 0.000 0.000 0.365 0.111
0.043 0.008 0.005 0.014 0.248 0.001 0.000 0.000 0.000 0.625 0.056
0.069 0.033 0.021 0.054 0.340 0.001 0.000 0.000 0.000 0.300 0.181
0.038 0.017 0.009 0.031 0.304 0.001 0.000 0.000 0.000 0.496 0.104
0.034 0.017 0.011 0.040 0.262 0.001 0.000 0.000 0.000 0.555 0.080
0.033 0.022 0.014 0.032 0.238 0.001 0.000 0.000 0.000 0.593 0.067
0.021 0.013 0.007 0.017 0.193 0.001 0.000 0.000 0.000 0.708 0.040
0.030 0.019 0.008 0.023 0.223 0.001 0.000 0.000 0.000 0.628 0.069
0.019 0.014 0.006 0.018 0.124 0.001 0.000 0.000 0.000 0.757 0.061
0.033 0.010 0.006 0.020 0.210 0.001 0.000 0.000 0.000 0.657 0.062
0.027 0.012 0.005 0.020 0.283 0.000 0.000 0.000 0.000 0.596 0.056
0.019 0.015 0.007 0.020 0.126 0.001 0.000 0.000 0.000 0.778 0.035
0.018 0.012 0.005 0.020 0.118 0.001 0.000 0.000 0.000 0.787 0.039
0.036 0.033 0.007 0.040 0.115 0.001 0.000 0.000 0.000 0.707 0.061
0.026 0.013 0.004 0.011 0.125 0.000 0.000 0.000 0.000 0.776 0.046
0.015 0.011 0.002 0.006 0.040 0.000 0.000 0.000 0.000 0.883 0.042
0.019 0.028 0.002 0.015 0.094 0.000 0.000 0.000 0.000 0.800 0.043
0.005 0.017 0.000 0.004 0.025 0.000 0.000 0.000 0.000 0.931 0.018
0.026 0.030 0.007 0.031 0.086 0.000 0.000 0.000 0.000 0.734 0.085
0.013 0.023 0.006 0.016 0.072 0.000 0.000 0.000 0.000 0.813 0.055
0.035 0.032 0.007 0.035 0.222 0.000 0.000 0.000 0.000 0.517 0.151
0.015 0.008 0.002 0.017 0.060 0.000 0.000 0.000 0.000 0.845 0.054
0.036 0.029 0.009 0.026 0.155 0.000 0.000 0.000 0.000 0.618 0.127
0.040 0.025 0.004 0.037 0.167 0.000 0.000 0.000 0.000 0.572 0.155
0.036 0.030 0.004 0.027 0.181 0.000 0.000 0.000 0.000 0.593 0.129
0.036 0.029 0.006 0.064 0.251 0.000 0.000 0.000 0.000 0.511 0.103
0.025 0.037 0.002 0.025 0.127 0.000 0.000 0.000 0.000 0.687 0.097
0.042 0.031 0.003 0.030 0.252 0.000 0.000 0.000 0.000 0.533 0.108
0.038 0.035 0.004 0.034 0.202 0.000 0.000 0.000 0.000 0.569 0.118
0.027 0.032 0.003 0.050 0.236 0.000 0.000 0.000 0.000 0.545 0.107
0.011 0.028 0.003 0.020 0.135 0.000 0.000 0.000 0.000 0.742 0.060
0.033 0.033 0.005 0.038 0.167 0.000 0.000 0.000 0.000 0.600 0.124
0.001 0.001 0.000 0.001 0.002 0.000 0.000 0.000 0.000 0.994 0.001
0.001 0.000 0.000 0.000 0.000 0.000 0.000 0.000 0.000 0.998 0.000
0.000 0.000 0.000 0.000 0.000 0.000 0.000 0.000 0.000 1.000 0.000
0.000 0.000 0.000 0.000 0.000 0.000 0.000 0.000 0.000 1.000 0.000
0.000 0.000 0.000 0.000 0.000 0.000 0.000 0.000 0.000 1.000 0.000
0.000 0.000 0.000 0.000 0.000 0.000 0.000 0.000 0.000 1.000 0.000
0.000 0.000 0.000 0.000 0.000 0.000 0.000 0.000 0.000 0.999 0.000
