0.010 0.006 0.002 0.003 0.025 0.000 0.000 0.000 0.000 0.917 0.036
0.005 0.002 0.001 0.001 0.012 0.000 0.000 0.000 0.000 0.957 0.022
0.008 0.004 0.001 0.002 0.021 0.000 0.000 0.000 0.000 0.938 0.026
0.008 0.003 0.001 0.001 0.014 0.000 0.000 0.000 0.000 0.954 0.019
0.006 0.003 0.001 0.002 0.011 0.000 0.000 0.000 0.000 0.960 0.017
0.010 0.005 0.002 0.004 0.022 0.000 0.000 0.000 0.000 0.929 0.028
0.029 0.013 0.005 0.008 0.074 0.000 0.000 0.000 0.000 0.790 0.080
0.060 0.022 0.010 0.019 0.178 0.001 0.000 0.000 0.000 0.494 0.216
0.101 0.034 0.015 0.025 0.209 0.001 0.000 0.000 0.000 0.328 0.286
0.126 0.030 0.013 0.033 0.238 0.001 0.000 0.000 0.000 0.207 0.352
0.114 0.030 0.021 0.037 0.242 0.001 0.000 0.000 0.000 0.215 0.339
0.101 0.029 0.019 0.039 0.276 0.001 0.000 0.000 0.000 0.203 0.331
0.108 0.024 0.010 0.028 0.312 0.001 0.000 0.000 0.000 0.148 0.368
0.099 0.038 0.015 0.030 0.291 0.001 0.000 0.000 0.000 0.134 0.392
0.102 0.030 0.017 0.030 0.244 0.000 0.000 0.000 0.000 0.213 0.362
0.072 0.019 0.006 0.018 0.321 0.000 0.000 0.000 0.000 0.259 0.305
0.102 0.026 0.013 0.026 0.268 0.001 0.000 0.000 0.000 0.263 0.300
0.066 0.017 0.008 0.062 0.185 0.001 0.000 0.000 0.000 0.068 0.593
0.054 0.027 0.006 0.030 0.224 0.000 0.000 0.000 0.000 0.277 0.382
0.096 0.035 0.009 0.017 0.293 0.001 0.000 0.000 0.000 0.174 0.376
0.055 0.024 0.014 0.018 0.317 0.001 0.000 0.000 0.000 0.167 0.404
0.059 0.021 0.008 0.024 0.259 0.001 0.000 0.000 0.000 0.248 0.379
0.076 0.027 0.011 0.016 0.256 0.001 0.000 0.000 0.000 0.320 0.294
0.095 0.021 0.010 0.018 0.185 0.001 0.000 0.000 0.000 0.349 0.321
0.107 0.024 0.009 0.020 0.212 0.001 0.000 0.000 0.000 0.281 0.347
0.093 0.030 0.011 0.037 0.153 0.001 0.000 0.000 0.000 0.313 0.361
0.122 0.025 0.010 0.019 0.202 0.001 0.000 0.000 0.000 0.304 0.316
0.074 0.020 0.006 0.015 0.197 0.000 0.000 0.000 0.000 0.314 0.374
0.111 0.045 0.026 0.037 0.248 0.001 0.000 0.000 0.000 0.184 0.348
0.104 0.044 0.018 0.024 0.225 0.001 0.000 0.000 0.000 0.264 0.321
0.037 0.029 0.033 0.022 0.135 0.000 0.000 0.000 0.000 0.599 0.145
0.037 0.016 0.021 0.033 0.163 0.000 0.000 0.000 0.000 0.558 0.173
0.041 0.013 0.010 0.035 0.202 0.000 0.000 0.000 0.000 0.476 0.222
0.038 0.013 0.005 0.026 0.249 0.000 0.000 0.000 0.000 0.369 0.300
0.038 0.033 0.019 0.031 0.232 0.001 0.000 0.000 0.000 0.418 0.228
0.032 0.025 0.013 0.021 0.141 0.000 0.000 0.000 0.000 0.565 0.203
0.056 0.022 0.010 0.016 0.210 0.001 0.000 0.000 0.000 0.459 0.227
0.056 0.019 0.008 0.014 0.193 0.001 0.000 0.000 0.000 0.453 0.255
0.037 0.011 0.005 0.009 0.152 0.001 0.000 0.000 0.000 0.567 0.219
0.035 0.010 0.004 0.007 0.171 0.001 0.000 0.000 0.000 0.524 0.248
0.067 0.017 0.007 0.011 0.244 0.001 0.000 0.000 0.000 0.321 0.332
0.098 0.021 0.009 0.017 0.221 0.001 0.000 0.000 0.000 0.243 0.391
0.123 0.025 0.014 0.029 0.241 0.001 0.000 0.000 0.000 0.197 0.370
0.039 0.017 0.005 0.029 0.174 0.001 0.000 0.000 0.000 0.091 0.643
0.058 0.024 0.013 0.013 0.257 0.001 0.000 0.000 0.000 0.095 0.538
0.083 0.023 0.010 0.018 0.212 0.001 0.000 0.000 0.000 0.102 0.552
0.112 0.025 0.010 0.023 0.224 0.001 0.000 0.000 0.000 0.088 0.517
0.064 0.017 0.006 0.011 0.083 0.000 0.000 0.000 0.000 0.575 0.241
0.085 0.014 0.005 0.026 0.175 0.001 0.000 0.000 0.000 0.050 0.645
0.064 0.019 0.008 0.015 0.145 0.001 0.000 0.000 0.000 0.454 0.294
0.069 0.018 0.009 0.023 0.166 0.000 0.000 0.000 0.000 0.464 0.250
0.030 0.010 0.003 0.011 0.115 0.000 0.000 0.000 0.000 0.678 0.153
0.047 0.020 0.007 0.018 0.165 0.000 0.000 0.000 0.000 0.562 0.180
0.039 0.017 0.006 0.013 0.132 0.000 0.000 0.000 0.000 0.602 0.191
0.044 0.023 0.006 0.020 0.144 0.000 0.000 0.000 0.000 0.508 0.255
0.068 0.019 0.008 0.020 0.184 0.000 0.000 0.000 0.000 0.458 0.243
0.040 0.019 0.004 0.011 0.125 0.000 0.000 0.000 0.000 0.607 0.193
0.035 0.016 0.007 0.015 0.131 0.000 0.000 0.000 0.000 0.598 0.198
0.038 0.012 0.005 0.009 0.085 0.000 0.000 0.000 0.000 0.728 0.121
0.018 0.012 0.004 0.006 0.079 0.000 0.000 0.000 0.000 0.759 0.121
0.030 0.014 0.005 0.012 0.098 0.000 0.000 0.000 0.000 0.703 0.137
0.030 0.023 0.006 0.015 0.133 0.000 0.000 0.000 0.000 0.598 0.194
0.036 0.022 0.006 0.017 0.123 0.000 0.000 0.000 0.000 0.655 0.139
0.040 0.026 0.007 0.018 0.154 0.000 0.000 0.000 0.000 0.536 0.218
0.030 0.020 0.007 0.013 0.102 0.000 0.000 0.000 0.000 0.674 0.154
0.032 0.018 0.007 0.012 0.102 0.000 0.000 0.000 0.000 0.685 0.144
0.029 0.021 0.010 0.010 0.109 0.000 0.000 0.000 0.000 0.677 0.145
0.020 0.009 0.003 0.007 0.041 0.000 0.000 0.000 0.000 0.852 0.068
0.025 0.014 0.005 0.010 0.095 0.000 0.000 0.000 0.000 0.707 0.144
0.045 0.020 0.007 0.016 0.089 0.000 0.000 0.000 0.000 0.665 0.157
0.049 0.031 0.011 0.018 0.167 0.000 0.000 0.000 0.000 0.529 0.193
0.031 0.015 0.006 0.012 0.095 0.000 0.000 0.000 0.000 0.693 0.147
0.032 0.014 0.005 0.009 0.081 0.000 0.000 0.000 0.000 0.701 0.157
0.034 0.019 0.007 0.010 0.103 0.000 0.000 0.000 0.000 0.671 0.156
0.032 0.012 0.003 0.009 0.049 0.000 0.000 0.000 0.000 0.770 0.125
0.024 0.012 0.004 0.009 0.057 0.000 0.000 0.000 0.000 0.768 0.126
0.025 0.011 0.003 0.009 0.060 0.000 0.000 0.000 0.000 0.766 0.125
0.021 0.015 0.003 0.011 0.084 0.000 0.000 0.000 0.000 0.720 0.146
0.001 0.000 0.000 0.000 0.001 0.000 0.000 0.000 0.000 0.995 0.002
0.027 0.007 0.004 0.007 0.058 0.000 0.000 0.000 0.000 0.818 0.078
0.005 0.003 0.000 0.003 0.019 0.000 0.000 0.000 0.000 0.938 0.032
0.009 0.002 0.001 0.003 0.015 0.000 0.000 0.000 0.000 0.924 0.046
0.004 0.002 0.001 0.002 0.012 0.000 0.000 0.000 0.000 0.958 0.021
0.003 0.001 0.001 0.002 0.012 0.000 0.000 0.000 0.000 0.958 0.022
0.022 0.006 0.003 0.008 0.063 0.000 0.000 0.000 0.000 0.782 0.116
0.014 0.005 0.002 0.007 0.043 0.000 0.000 0.000 0.000 0.840 0.090
0.011 0.003 0.001 0.004 0.024 0.000 0.000 0.000 0.000 0.904 0.052
0.002 0.001 0.000 0.001 0.003 0.000 0.000 0.000 0.000 0.986 0.007
0.015 0.006 0.002 0.005 0.040 0.000 0.000 0.000 0.000 0.863 0.068
0.019 0.006 0.002 0.005 0.056 0.000 0.000 0.000 0.000 0.813 0.099
0.025 0.010 0.004 0.006 0.076 0.000 0.000 0.000 0.000 0.780 0.100
0.018 0.008 0.003 0.006 0.060 0.000 0.000 0.000 0.000 0.832 0.072
0.014 0.007 0.002 0.004 0.049 0.000 0.000 0.000 0.000 0.868 0.055
0.034 0.016 0.004 0.009 0.134 0.000 0.000 0.000 0.000 0.629 0.174
0.037 0.017 0.005 0.009 0.147 0.000 0.000 0.000 0.000 0.610 0.174
0.061 0.017 0.006 0.015 0.174 0.000 0.000 0.000 0.000 0.489 0.238
0.041 0.015 0.005 0.012 0.186 0.000 0.000 0.000 0.000 0.540 0.200
0.049 0.012 0.005 0.013 0.237 0.000 0.000 0.000 0.000 0.438 0.246
0.035 0.010 0.005 0.011 0.181 0.000 0.000 0.000 0.000 0.543 0.215
0.044 0.018 0.009 0.016 0.198 0.001 0.000 0.000 0.000 0.522 0.191
0.132 0.037 0.020 0.035 0.283 0.001 0.000 0.000 0.000 0.176 0.313
0.238 0.034 0.019 0.037 0.274 0.001 0.000 0.000 0.000 0.137 0.259
0.136 0.039 0.020 0.024 0.287 0.001 0.000 0.000 0.000 0.155 0.337
0.103 0.033 0.018 0.033 0.310 0.001 0.000 0.000 0.000 0.128 0.374
0.114 0.062 0.019 0.031 0.218 0.001 0.000 0.000 0.000 0.159 0.394
0.112 0.041 0.013 0.025 0.252 0.001 0.000 0.000 0.000 0.181 0.375
0.059 0.031 0.013 0.013 0.246 0.000 0.000 0.000 0.000 0.326 0.311
0.077 0.030 0.011 0.027 0.199 0.001 0.000 0.000 0.000 0.334 0.322
0.097 0.035 0.013 0.018 0.233 0.000 0.000 0.000 0.000 0.270 0.333
0.093 0.027 0.013 0.029 0.268 0.001 0.000 0.000 0.000 0.277 0.291
0.084 0.028 0.012 0.026 0.264 0.001 0.000 0.000 0.000 0.289 0.296
0.061 0.014 0.007 0.011 0.192 0.001 0.000 0.000 0.000 0.512 0.202
0.061 0.015 0.008 0.013 0.202 0.001 0.000 0.000 0.000 0.430 0.270
0.123 0.032 0.014 0.027 0.221 0.001 0.000 0.000 0.000 0.135 0.447
0.072 0.020 0.011 0.018 0.177 0.001 0.000 0.000 0.000 0.355 0.345
0.069 0.026 0.010 0.014 0.183 0.001 0.000 0.000 0.000 0.307 0.389
0.076 0.026 0.016 0.024 0.230 0.001 0.000 0.000 0.000 0.260 0.367
0.081 0.026 0.015 0.029 0.195 0.001 0.000 0.000 0.000 0.304 0.349
0.119 0.043 0.005 0.033 0.200 0.001 0.000 0.000 0.000 0.276 0.323
0.149 0.039 0.006 0.025 0.205 0.000 0.000 0.000 0.000 0.093 0.482
0.185 0.032 0.013 0.028 0.217 0.001 0.000 0.000 0.000 0.082 0.443
0.142 0.033 0.018 0.020 0.167 0.001 0.000 0.000 0.000 0.212 0.406
0.005 0.002 0.001 0.001 0.007 0.000 0.000 0.000 0.000 0.967 0.018
0.007 0.002 0.001 0.002 0.008 0.000 0.000 0.000 0.000 0.956 0.024
0.102 0.024 0.011 0.014 0.186 0.001 0.000 0.000 0.000 0.210 0.454
0.105 0.027 0.012 0.013 0.136 0.001 0.000 0.000 0.000 0.398 0.308
0.109 0.026 0.013 0.017 0.211 0.001 0.000 0.000 0.000 0.273 0.350
0.059 0.023 0.010 0.022 0.195 0.001 0.000 0.000 0.000 0.447 0.243
0.050 0.019 0.009 0.018 0.141 0.001 0.000 0.000 0.000 0.561 0.201
0.041 0.012 0.005 0.011 0.108 0.000 0.000 0.000 0.000 0.655 0.167
0.042 0.014 0.005 0.018 0.104 0.000 0.000 0.000 0.000 0.634 0.182
0.028 0.013 0.003 0.011 0.100 0.000 0.000 0.000 0.000 0.725 0.119
0.023 0.007 0.002 0.011 0.067 0.000 0.000 0.000 0.000 0.782 0.108
0.014 0.005 0.001 0.008 0.050 0.000 0.000 0.000 0.000 0.857 0.064
0.019 0.009 0.002 0.010 0.076 0.000 0.000 0.000 0.000 0.780 0.104
0.028 0.011 0.003 0.012 0.116 0.000 0.000 0.000 0.000 0.691 0.139
0.019 0.008 0.002 0.014 0.089 0.000 0.000 0.000 0.000 0.726 0.141
0.020 0.009 0.002 0.011 0.070 0.000 0.000 0.000 0.000 0.759 0.129
0.025 0.011 0.003 0.013 0.104 0.000 0.000 0.000 0.000 0.689 0.155
0.017 0.008 0.002 0.007 0.058 0.000 0.000 0.000 0.000 0.829 0.079
0.021 0.009 0.003 0.009 0.095 0.000 0.000 0.000 0.000 0.740 0.122
0.040 0.017 0.006 0.013 0.149 0.000 0.000 0.000 0.000 0.585 0.189
0.024 0.011 0.003 0.014 0.115 0.000 0.000 0.000 0.000 0.705 0.127
0.021 0.008 0.002 0.009 0.077 0.000 0.000 0.000 0.000 0.773 0.110
0.023 0.006 0.002 0.009 0.076 0.000 0.000 0.000 0.000 0.807 0.077
0.029 0.011 0.003 0.013 0.105 0.000 0.000 0.000 0.000 0.669 0.170
0.017 0.007 0.002 0.006 0.064 0.000 0.000 0.000 0.000 0.821 0.082
0.015 0.007 0.002 0.006 0.076 0.000 0.000 0.000 0.000 0.806 0.087
0.025 0.011 0.004 0.011 0.119 0.000 0.000 0.000 0.000 0.691 0.138
0.019 0.006 0.002 0.006 0.078 0.000 0.000 0.000 0.000 0.805 0.082
0.025 0.008 0.003 0.009 0.106 0.000 0.000 0.000 0.000 0.717 0.133
0.034 0.011 0.004 0.010 0.105 0.000 0.000 0.000 0.000 0.668 0.168
0.037 0.015 0.003 0.010 0.099 0.000 0.000 0.000 0.000 0.681 0.155
0.031 0.010 0.003 0.007 0.096 0.000 0.000 0.000 0.000 0.676 0.177
0.019 0.005 0.001 0.003 0.054 0.000 0.000 0.000 0.000 0.857 0.060
0.019 0.005 0.001 0.004 0.069 0.000 0.000 0.000 0.000 0.808 0.095
0.018 0.007 0.001 0.005 0.088 0.000 0.000 0.000 0.000 0.778 0.104
0.013 0.003 0.000 0.003 0.036 0.000 0.000 0.000 0.000 0.896 0.049
0.021 0.008 0.002 0.004 0.078 0.000 0.000 0.000 0.000 0.771 0.116
0.017 0.007 0.001 0.006 0.061 0.000 0.000 0.000 0.000 0.802 0.108
0.010 0.005 0.001 0.004 0.041 0.000 0.000 0.000 0.000 0.888 0.051
0.020 0.005 0.001 0.005 0.061 0.000 0.000 0.000 0.000 0.831 0.077
0.018 0.006 0.001 0.005 0.057 0.000 0.000 0.000 0.000 0.829 0.084
0.021 0.009 0.001 0.006 0.074 0.000 0.000 0.000 0.000 0.799 0.090
0.015 0.004 0.000 0.003 0.047 0.000 0.000 0.000 0.000 0.864 0.067
0.029 0.008 0.001 0.006 0.082 0.000 0.000 0.000 0.000 0.762 0.113
0.015 0.005 0.001 0.004 0.050 0.000 0.000 0.000 0.000 0.848 0.078
0.007 0.003 0.001 0.002 0.023 0.000 0.000 0.000 0.000 0.921 0.044
0.025 0.009 0.001 0.004 0.058 0.000 0.000 0.000 0.000 0.752 0.151
0.031 0.009 0.002 0.007 0.108 0.000 0.000 0.000 0.000 0.636 0.207
0.028 0.007 0.001 0.006 0.071 0.000 0.000 0.000 0.000 0.786 0.101
0.032 0.009 0.001 0.008 0.097 0.000 0.000 0.000 0.000 0.664 0.188
0.033 0.011 0.001 0.010 0.121 0.000 0.000 0.000 0.000 0.597 0.227
0.026 0.011 0.001 0.010 0.116 0.000 0.000 0.000 0.000 0.665 0.171
0.082 0.022 0.012 0.020 0.251 0.000 0.000 0.000 0.000 0.347 0.266
0.151 0.026 0.016 0.035 0.174 0.000 0.000 0.000 0.000 0.225 0.372
0.133 0.017 0.006 0.018 0.140 0.000 0.000 0.000 0.000 0.187 0.498
0.064 0.037 0.011 0.029 0.265 0.000 0.000 0.000 0.000 0.241 0.353
0.072 0.027 0.011 0.025 0.243 0.001 0.000 0.000 0.000 0.269 0.353
0.078 0.014 0.007 0.009 0.248 0.001 0.000 0.000 0.000 0.301 0.342
0.067 0.013 0.006 0.010 0.260 0.001 0.000 0.000 0.000 0.309 0.335
0.109 0.035 0.008 0.019 0.181 0.001 0.000 0.000 0.000 0.190 0.458
0.067 0.032 0.010 0.015 0.224 0.001 0.000 0.000 0.000 0.272 0.380
0.053 0.031 0.014 0.043 0.240 0.001 0.000 0.000 0.000 0.301 0.316
0.108 0.035 0.018 0.039 0.229 0.001 0.000 0.000 0.000 0.158 0.411
0.106 0.031 0.008 0.018 0.211 0.001 0.000 0.000 0.000 0.073 0.553
0.102 0.041 0.008 0.017 0.293 0.001 0.000 0.000 0.000 0.174 0.365
0.134 0.043 0.007 0.024 0.353 0.000 0.000 0.000 0.000 0.098 0.341
0.075 0.033 0.011 0.031 0.252 0.001 0.000 0.000 0.000 0.296 0.301
0.090 0.032 0.012 0.021 0.319 0.001 0.000 0.000 0.000 0.192 0.332
0.085 0.041 0.013 0.016 0.306 0.001 0.000 0.000 0.000 0.150 0.388
0.088 0.030 0.017 0.023 0.268 0.001 0.000 0.000 0.000 0.254 0.319
0.077 0.033 0.021 0.021 0.266 0.001 0.000 0.000 0.000 0.263 0.318
0.107 0.053 0.013 0.027 0.325 0.001 0.000 0.000 0.000 0.140 0.334
0.094 0.033 0.010 0.021 0.440 0.001 0.000 0.000 0.000 0.145 0.255
0.090 0.047 0.015 0.026 0.361 0.001 0.000 0.000 0.000 0.119 0.340
0.108 0.043 0.015 0.027 0.267 0.001 0.000 0.000 0.000 0.167 0.373
0.101 0.037 0.009 0.013 0.316 0.000 0.000 0.000 0.000 0.155 0.369
0.066 0.038 0.011 0.012 0.322 0.000 0.000 0.000 0.000 0.230 0.320
0.073 0.034 0.011 0.012 0.310 0.000 0.000 0.000 0.000 0.186 0.374
0.109 0.047 0.021 0.026 0.322 0.001 0.000 0.000 0.000 0.153 0.321
0.086 0.049 0.015 0.012 0.181 0.001 0.000 0.000 0.000 0.423 0.233
0.053 0.028 0.010 0.012 0.127 0.000 0.000 0.000 0.000 0.620 0.149
0.103 0.032 0.013 0.023 0.215 0.001 0.000 0.000 0.000 0.227 0.386
0.098 0.029 0.007 0.011 0.235 0.000 0.000 0.000 0.000 0.146 0.474
0.068 0.042 0.005 0.009 0.155 0.000 0.000 0.000 0.000 0.374 0.346
0.072 0.014 0.008 0.013 0.239 0.001 0.000 0.000 0.000 0.292 0.361
0.070 0.019 0.007 0.011 0.247 0.000 0.000 0.000 0.000 0.342 0.303
0.088 0.033 0.011 0.029 0.168 0.001 0.000 0.000 0.000 0.347 0.323
0.125 0.049 0.010 0.021 0.256 0.001 0.000 0.000 0.000 0.181 0.356
0.092 0.030 0.014 0.040 0.259 0.001 0.000 0.000 0.000 0.244 0.318
0.118 0.037 0.010 0.012 0.164 0.000 0.000 0.000 0.000 0.176 0.482
0.099 0.035 0.015 0.021 0.201 0.001 0.000 0.000 0.000 0.240 0.387
0.094 0.046 0.019 0.028 0.261 0.001 0.000 0.000 0.000 0.208 0.343
0.128 0.051 0.017 0.017 0.190 0.000 0.000 0.000 0.000 0.287 0.309
0.120 0.055 0.016 0.022 0.235 0.001 0.000 0.000 0.000 0.211 0.340
0.091 0.029 0.013 0.022 0.199 0.001 0.000 0.000 0.000 0.328 0.317
0.060 0.016 0.011 0.014 0.189 0.001 0.000 0.000 0.000 0.460 0.249
0.029 0.012 0.004 0.009 0.120 0.000 0.000 0.000 0.000 0.699 0.127
0.029 0.012 0.002 0.009 0.095 0.000 0.000 0.000 0.000 0.723 0.129
0.033 0.010 0.002 0.009 0.087 0.000 0.000 0.000 0.000 0.716 0.143
0.019 0.007 0.001 0.005 0.074 0.000 0.000 0.000 0.000 0.733 0.160
0.019 0.007 0.001 0.004 0.062 0.000 0.000 0.000 0.000 0.815 0.091
0.014 0.005 0.001 0.004 0.052 0.000 0.000 0.000 0.000 0.844 0.081
0.013 0.004 0.001 0.004 0.061 0.000 0.000 0.000 0.000 0.826 0.092
0.019 0.006 0.001 0.005 0.080 0.000 0.000 0.000 0.000 0.788 0.101
0.025 0.006 0.001 0.004 0.092 0.000 0.000 0.000 0.000 0.774 0.097
0.034 0.009 0.001 0.006 0.122 0.000 0.000 0.000 0.000 0.683 0.145
0.017 0.007 0.001 0.004 0.068 0.000 0.000 0.000 0.000 0.798 0.106
0.028 0.011 0.001 0.007 0.115 0.000 0.000 0.000 0.000 0.694 0.144
0.022 0.010 0.001 0.005 0.100 0.000 0.000 0.000 0.000 0.718 0.144
0.027 0.012 0.001 0.007 0.103 0.000 0.000 0.000 0.000 0.705 0.145
0.016 0.006 0.001 0.005 0.073 0.000 0.000 0.000 0.000 0.799 0.099
0.014 0.005 0.001 0.004 0.065 0.000 0.000 0.000 0.000 0.837 0.074
0.014 0.006 0.001 0.003 0.073 0.000 0.000 0.000 0.000 0.812 0.091
0.007 0.002 0.000 0.002 0.025 0.000 0.000 0.000 0.000 0.926 0.037
0.012 0.005 0.001 0.004 0.070 0.000 0.000 0.000 0.000 0.808 0.100
0.012 0.005 0.001 0.004 0.061 0.000 0.000 0.000 0.000 0.834 0.082
0.009 0.003 0.000 0.003 0.034 0.000 0.000 0.000 0.000 0.906 0.045
0.022 0.006 0.001 0.004 0.086 0.000 0.000 0.000 0.000 0.772 0.109
0.009 0.003 0.000 0.002 0.040 0.000 0.000 0.000 0.000 0.896 0.050
0.014 0.005 0.001 0.003 0.065 0.000 0.000 0.000 0.000 0.844 0.069
0.023 0.007 0.001 0.008 0.110 0.000 0.000 0.000 0.000 0.686 0.164
0.019 0.008 0.001 0.006 0.089 0.000 0.000 0.000 0.000 0.760 0.115
0.029 0.009 0.002 0.007 0.145 0.000 0.000 0.000 0.000 0.621 0.187
0.013 0.005 0.002 0.003 0.025 0.000 0.000 0.000 0.000 0.897 0.056
0.017 0.004 0.002 0.002 0.026 0.000 0.000 0.000 0.000 0.895 0.054
0.029 0.011 0.003 0.009 0.062 0.000 0.000 0.000 0.000 0.746 0.140
0.016 0.008 0.003 0.008 0.045 0.000 0.000 0.000 0.000 0.790 0.130
0.005 0.004 0.002 0.003 0.022 0.000 0.000 0.000 0.000 0.906 0.059
0.004 0.003 0.001 0.002 0.012 0.000 0.000 0.000 0.000 0.945 0.033
0.006 0.005 0.002 0.003 0.023 0.000 0.000 0.000 0.000 0.914 0.047
0.004 0.003 0.002 0.002 0.013 0.000 0.000 0.000 0.000 0.959 0.017
0.012 0.005 0.004 0.005 0.031 0.000 0.000 0.000 0.000 0.882 0.061
0.041 0.025 0.012 0.014 0.186 0.000 0.000 0.000 0.000 0.594 0.128
0.041 0.045 0.017 0.038 0.141 0.000 0.000 0.000 0.000 0.544 0.174
0.059 0.016 0.008 0.014 0.308 0.001 0.000 0.000 0.000 0.309 0.284
0.073 0.020 0.007 0.029 0.266 0.001 0.000 0.000 0.000 0.194 0.410
0.071 0.028 0.010 0.019 0.197 0.001 0.000 0.000 0.000 0.398 0.275
0.027 0.011 0.015 0.014 0.189 0.000 0.000 0.000 0.000 0.534 0.209
0.058 0.019 0.025 0.031 0.247 0.001 0.000 0.000 0.000 0.321 0.296
0.097 0.020 0.020 0.021 0.223 0.001 0.000 0.000 0.000 0.222 0.394
0.081 0.024 0.019 0.025 0.290 0.001 0.000 0.000 0.000 0.211 0.348
0.063 0.018 0.009 0.011 0.206 0.000 0.000 0.000 0.000 0.396 0.296
0.062 0.017 0.007 0.016 0.263 0.000 0.000 0.000 0.000 0.322 0.312
0.053 0.015 0.006 0.015 0.259 0.001 0.000 0.000 0.000 0.386 0.265
0.125 0.029 0.009 0.026 0.208 0.001 0.000 0.000 0.000 0.134 0.468
0.096 0.026 0.009 0.018 0.191 0.001 0.000 0.000 0.000 0.209 0.449
0.101 0.027 0.017 0.021 0.237 0.001 0.000 0.000 0.000 0.214 0.381
0.098 0.035 0.014 0.023 0.178 0.001 0.000 0.000 0.000 0.371 0.279
0.033 0.010 0.003 0.010 0.069 0.000 0.000 0.000 0.000 0.735 0.140
0.038 0.014 0.003 0.018 0.102 0.000 0.000 0.000 0.000 0.685 0.140
0.058 0.016 0.004 0.029 0.172 0.000 0.000 0.000 0.000 0.503 0.218
0.060 0.015 0.005 0.034 0.196 0.000 0.000 0.000 0.000 0.491 0.197
0.075 0.021 0.006 0.038 0.211 0.000 0.000 0.000 0.000 0.396 0.253
0.049 0.013 0.003 0.028 0.149 0.000 0.000 0.000 0.000 0.533 0.224
0.036 0.012 0.003 0.030 0.139 0.000 0.000 0.000 0.000 0.612 0.168
0.036 0.011 0.003 0.033 0.175 0.000 0.000 0.000 0.000 0.559 0.181
0.024 0.008 0.002 0.018 0.084 0.000 0.000 0.000 0.000 0.736 0.128
0.030 0.009 0.003 0.022 0.116 0.000 0.000 0.000 0.000 0.684 0.137
0.039 0.013 0.004 0.022 0.165 0.000 0.000 0.000 0.000 0.600 0.157
0.030 0.007 0.002 0.017 0.100 0.000 0.000 0.000 0.000 0.720 0.125
0.029 0.007 0.002 0.020 0.120 0.000 0.000 0.000 0.000 0.679 0.144
0.032 0.010 0.003 0.016 0.115 0.000 0.000 0.000 0.000 0.695 0.130
0.020 0.006 0.002 0.010 0.077 0.000 0.000 0.000 0.000 0.784 0.101
0.017 0.004 0.001 0.009 0.087 0.000 0.000 0.000 0.000 0.797 0.084
0.017 0.003 0.001 0.008 0.080 0.000 0.000 0.000 0.000 0.820 0.069
0.037 0.011 0.003 0.016 0.153 0.000 0.000 0.000 0.000 0.589 0.191
0.034 0.012 0.003 0.019 0.195 0.000 0.000 0.000 0.000 0.531 0.206
0.030 0.007 0.002 0.010 0.111 0.000 0.000 0.000 0.000 0.690 0.150
0.023 0.006 0.002 0.010 0.094 0.000 0.000 0.000 0.000 0.747 0.117
0.021 0.005 0.002 0.005 0.076 0.000 0.000 0.000 0.000 0.808 0.083
0.022 0.006 0.002 0.008 0.098 0.000 0.000 0.000 0.000 0.761 0.102
0.030 0.006 0.002 0.008 0.092 0.000 0.000 0.000 0.000 0.754 0.108
0.008 0.002 0.000 0.002 0.024 0.000 0.000 0.000 0.000 0.930 0.034
0.011 0.003 0.001 0.003 0.030 0.000 0.000 0.000 0.000 0.908 0.045
0.032 0.007 0.002 0.007 0.113 0.000 0.000 0.000 0.000 0.697 0.141
0.030 0.009 0.002 0.008 0.113 0.000 0.000 0.000 0.000 0.683 0.155
0.032 0.007 0.002 0.009 0.088 0.000 0.000 0.000 0.000 0.768 0.094
0.009 0.002 0.000 0.005 0.033 0.000 0.000 0.000 0.000 0.910 0.041
0.014 0.003 0.001 0.007 0.048 0.000 0.000 0.000 0.000 0.867 0.061
0.015 0.003 0.001 0.006 0.035 0.000 0.000 0.000 0.000 0.892 0.049
0.012 0.003 0.001 0.006 0.040 0.000 0.000 0.000 0.000 0.893 0.045
0.007 0.002 0.000 0.004 0.024 0.000 0.000 0.000 0.000 0.936 0.027
0.012 0.003 0.001 0.007 0.057 0.000 0.000 0.000 0.000 0.859 0.061
0.024 0.005 0.001 0.009 0.067 0.000 0.000 0.000 0.000 0.803 0.091
0.001 0.000 0.000 0.001 0.005 0.000 0.000 0.000 0.000 0.988 0.005
0.002 0.000 0.000 0.001 0.007 0.000 0.000 0.000 0.000 0.981 0.009
0.000 0.000 0.000 0.000 0.002 0.000 0.000 0.000 0.000 0.996 0.002
0.000 0.000 0.000 0.000 0.001 0.000 0.000 0.000 0.000 0.996 0.002
0.000 0.000 0.000 0.000 0.000 0.000 0.000 0.000 0.000 0.999 0.000
0.000 0.000 0.000 0.000 0.000 0.000 0.000 0.000 0.000 1.000 0.000
0.000 0.000 0.000 0.000 0.000 0.000 0.000 0.000 0.000 1.000 0.000
0.000 0.000 0.000 0.000 0.000 0.000 0.000 0.000 0.000 0.999 0.000
0.000 0.000 0.000 0.000 0.000 0.000 0.000 0.000 0.000 0.999 0.000
0.001 0.000 0.000 0.000 0.001 0.000 0.000 0.000 0.000 0.994 0.003
0.002 0.001 0.000 0.001 0.003 0.000 0.000 0.000 0.000 0.987 0.006
0.010 0.006 0.001 0.004 0.020 0.000 0.000 0.000 0.000 0.919 0.041
0.072 0.024 0.008 0.016 0.121 0.001 0.000 0.000 0.000 0.544 0.214
0.101 0.040 0.021 0.025 0.320 0.001 0.000 0.000 0.000 0.107 0.383
0.109 0.035 0.020 0.033 0.258 0.001 0.000 0.000 0.000 0.103 0.439
0.105 0.041 0.023 0.032 0.233 0.001 0.000 0.000 0.000 0.133 0.432
0.094 0.037 0.020 0.028 0.247 0.001 0.000 0.000 0.000 0.140 0.431
0.125 0.037 0.021 0.031 0.233 0.001 0.000 0.000 0.000 0.202 0.350
0.124 0.042 0.022 0.047 0.270 0.001 0.000 0.000 0.000 0.138 0.355
0.112 0.034 0.018 0.020 0.222 0.001 0.000 0.000 0.000 0.128 0.465
0.117 0.038 0.016 0.026 0.235 0.001 0.000 0.000 0.000 0.180 0.387
0.033 0.012 0.003 0.006 0.072 0.000 0.000 0.000 0.000 0.746 0.128
0.014 0.004 0.001 0.002 0.054 0.000 0.000 0.000 0.000 0.866 0.059
0.011 0.012 0.002 0.008 0.057 0.000 0.000 0.000 0.000 0.859 0.051
0.051 0.039 0.013 0.029 0.243 0.000 0.000 0.000 0.000 0.323 0.301
0.085 0.041 0.017 0.024 0.247 0.000 0.000 0.000 0.000 0.180 0.406
0.081 0.030 0.015 0.023 0.231 0.001 0.000 0.000 0.000 0.266 0.353
0.123 0.030 0.011 0.028 0.191 0.001 0.000 0.000 0.000 0.264 0.351
0.222 0.038 0.013 0.038 0.162 0.001 0.000 0.000 0.000 0.221 0.304
0.173 0.029 0.009 0.016 0.127 0.001 0.000 0.000 0.000 0.119 0.526
0.119 0.035 0.012 0.024 0.207 0.001 0.000 0.000 0.000 0.107 0.494
0.105 0.034 0.015 0.025 0.241 0.001 0.000 0.000 0.000 0.128 0.451
0.086 0.016 0.005 0.016 0.331 0.000 0.000 0.000 0.000 0.144 0.401
0.092 0.053 0.008 0.017 0.209 0.001 0.000 0.000 0.000 0.273 0.347
0.043 0.023 0.008 0.023 0.214 0.000 0.000 0.000 0.000 0.373 0.316
0.082 0.025 0.008 0.013 0.337 0.001 0.000 0.000 0.000 0.170 0.364
0.125 0.039 0.012 0.014 0.299 0.000 0.000 0.000 0.000 0.134 0.376
0.076 0.030 0.011 0.013 0.316 0.000 0.000 0.000 0.000 0.209 0.345
0.079 0.030 0.011 0.015 0.318 0.001 0.000 0.000 0.000 0.188 0.358
0.059 0.017 0.006 0.014 0.190 0.001 0.000 0.000 0.000 0.327 0.385
0.054 0.013 0.005 0.011 0.183 0.001 0.000 0.000 0.000 0.442 0.292
0.076 0.031 0.011 0.020 0.209 0.001 0.000 0.000 0.000 0.351 0.300
0.080 0.018 0.008 0.024 0.150 0.001 0.000 0.000 0.000 0.500 0.219
0.044 0.014 0.004 0.023 0.104 0.000 0.000 0.000 0.000 0.631 0.181
0.062 0.024 0.005 0.028 0.166 0.000 0.000 0.000 0.000 0.435 0.280
0.035 0.011 0.001 0.015 0.104 0.000 0.000 0.000 0.000 0.629 0.204
0.044 0.017 0.002 0.022 0.138 0.000 0.000 0.000 0.000 0.512 0.266
0.027 0.010 0.002 0.017 0.109 0.000 0.000 0.000 0.000 0.654 0.181
0.014 0.004 0.001 0.005 0.044 0.000 0.000 0.000 0.000 0.863 0.069
0.006 0.002 0.000 0.003 0.024 0.000 0.000 0.000 0.000 0.926 0.038
0.004 0.001 0.000 0.003 0.015 0.000 0.000 0.000 0.000 0.946 0.031
0.005 0.002 0.000 0.002 0.016 0.000 0.000 0.000 0.000 0.949 0.026
0.010 0.001 0.000 0.006 0.031 0.000 0.000 0.000 0.000 0.899 0.052
0.008 0.001 0.000 0.003 0.025 0.000 0.000 0.000 0.000 0.929 0.033
0.020 0.005 0.002 0.013 0.079 0.000 0.000 0.000 0.000 0.773 0.108
0.014 0.004 0.001 0.008 0.062 0.000 0.000 0.000 0.000 0.821 0.091
0.011 0.003 0.001 0.006 0.046 0.000 0.000 0.000 0.000 0.879 0.054
0.024 0.008 0.002 0.011 0.092 0.000 0.000 0.000 0.000 0.747 0.117
0.026 0.007 0.002 0.014 0.092 0.000 0.000 0.000 0.000 0.730 0.128
0.051 0.016 0.005 0.017 0.160 0.000 0.000 0.000 0.000 0.564 0.186
0.051 0.015 0.004 0.025 0.204 0.000 0.000 0.000 0.000 0.443 0.258
0.036 0.010 0.004 0.015 0.152 0.000 0.000 0.000 0.000 0.643 0.140
0.052 0.020 0.005 0.026 0.184 0.000 0.000 0.000 0.000 0.446 0.266
0.038 0.019 0.002 0.018 0.163 0.000 0.000 0.000 0.000 0.446 0.312
0.043 0.014 0.004 0.024 0.179 0.000 0.000 0.000 0.000 0.429 0.307
0.048 0.020 0.004 0.020 0.172 0.000 0.000 0.000 0.000 0.484 0.251
0.047 0.016 0.002 0.015 0.118 0.000 0.000 0.000 0.000 0.609 0.193
0.037 0.014 0.002 0.021 0.174 0.000 0.000 0.000 0.000 0.385 0.366
0.032 0.012 0.002 0.009 0.101 0.000 0.000 0.000 0.000 0.699 0.145
0.016 0.002 0.001 0.003 0.036 0.000 0.000 0.000 0.000 0.873 0.068
0.000 0.000 0.000 0.000 0.001 0.000 0.000 0.000 0.000 0.998 0.001
0.000 0.000 0.000 0.000 0.001 0.000 0.000 0.000 0.000 0.997 0.001
0.001 0.000 0.000 0.000 0.001 0.000 0.000 0.000 0.000 0.996 0.002
0.000 0.000 0.000 0.000 0.000 0.000 0.000 0.000 0.000 0.999 0.000
0.004 0.001 0.000 0.000 0.005 0.000 0.000 0.000 0.000 0.978 0.010
0.008 0.004 0.001 0.002 0.011 0.000 0.000 0.000 0.000 0.953 0.021
0.004 0.001 0.000 0.001 0.003 0.000 0.000 0.000 0.000 0.982 0.009
0.003 0.001 0.000 0.001 0.004 0.000 0.000 0.000 0.000 0.980 0.012
0.001 0.001 0.000 0.000 0.002 0.000 0.000 0.000 0.000 0.991 0.004
0.025 0.009 0.003 0.005 0.035 0.000 0.000 0.000 0.000 0.831 0.091
0.049 0.023 0.007 0.008 0.081 0.000 0.000 0.000 0.000 0.607 0.226
0.116 0.049 0.022 0.026 0.191 0.001 0.000 0.000 0.000 0.234 0.360
0.083 0.031 0.015 0.040 0.240 0.001 0.000 0.000 0.000 0.188 0.402
0.083 0.033 0.015 0.041 0.284 0.001 0.000 0.000 0.000 0.142 0.401
0.068 0.014 0.008 0.008 0.209 0.001 0.000 0.000 0.000 0.379 0.313
0.104 0.015 0.007 0.011 0.202 0.001 0.000 0.000 0.000 0.367 0.293
0.086 0.031 0.007 0.014 0.368 0.001 0.000 0.000 0.000 0.100 0.393
0.114 0.040 0.014 0.014 0.224 0.001 0.000 0.000 0.000 0.279 0.314
0.078 0.030 0.013 0.020 0.288 0.001 0.000 0.000 0.000 0.264 0.305
0.112 0.047 0.019 0.026 0.235 0.001 0.000 0.000 0.000 0.183 0.377
0.094 0.040 0.021 0.022 0.222 0.000 0.000 0.000 0.000 0.247 0.354
0.096 0.038 0.016 0.032 0.292 0.001 0.000 0.000 0.000 0.203 0.321
0.051 0.030 0.008 0.021 0.219 0.001 0.000 0.000 0.000 0.306 0.365
0.066 0.016 0.007 0.013 0.247 0.001 0.000 0.000 0.000 0.320 0.329
0.068 0.015 0.007 0.015 0.184 0.001 0.000 0.000 0.000 0.420 0.291
0.051 0.017 0.007 0.011 0.142 0.000 0.000 0.000 0.000 0.566 0.206
0.052 0.016 0.007 0.012 0.123 0.000 0.000 0.000 0.000 0.564 0.226
0.073 0.023 0.008 0.013 0.129 0.000 0.000 0.000 0.000 0.431 0.324
0.027 0.012 0.004 0.004 0.052 0.000 0.000 0.000 0.000 0.782 0.119
0.092 0.032 0.014 0.017 0.151 0.000 0.000 0.000 0.000 0.363 0.332
0.133 0.036 0.010 0.024 0.169 0.001 0.000 0.000 0.000 0.147 0.479
0.107 0.063 0.021 0.032 0.309 0.001 0.000 0.000 0.000 0.098 0.369
0.085 0.041 0.011 0.016 0.295 0.001 0.000 0.000 0.000 0.101 0.449
0.096 0.053 0.017 0.019 0.242 0.001 0.000 0.000 0.000 0.115 0.458
0.092 0.049 0.016 0.018 0.237 0.001 0.000 0.000 0.000 0.133 0.453
0.088 0.042 0.016 0.020 0.246 0.001 0.000 0.000 0.000 0.110 0.476
0.097 0.044 0.017 0.020 0.251 0.001 0.000 0.000 0.000 0.156 0.413
0.109 0.045 0.016 0.031 0.255 0.001 0.000 0.000 0.000 0.142 0.401
0.101 0.046 0.014 0.025 0.209 0.001 0.000 0.000 0.000 0.158 0.446
0.112 0.047 0.016 0.032 0.179 0.001 0.000 0.000 0.000 0.267 0.344
0.098 0.034 0.015 0.017 0.177 0.001 0.000 0.000 0.000 0.335 0.322
0.100 0.040 0.010 0.014 0.149 0.001 0.000 0.000 0.000 0.448 0.237
0.023 0.011 0.004 0.005 0.055 0.000 0.000 0.000 0.000 0.804 0.097
0.059 0.020 0.007 0.009 0.110 0.001 0.000 0.000 0.000 0.603 0.192
0.091 0.035 0.014 0.020 0.167 0.001 0.000 0.000 0.000 0.343 0.329
0.116 0.040 0.016 0.019 0.185 0.001 0.000 0.000 0.000 0.245 0.378
0.092 0.037 0.016 0.039 0.235 0.001 0.000 0.000 0.000 0.218 0.361
0.082 0.029 0.015 0.035 0.201 0.001 0.000 0.000 0.000 0.288 0.347
0.113 0.033 0.012 0.028 0.227 0.001 0.000 0.000 0.000 0.184 0.401
0.068 0.026 0.020 0.024 0.239 0.001 0.000 0.000 0.000 0.263 0.358
0.090 0.014 0.006 0.012 0.208 0.001 0.000 0.000 0.000 0.339 0.330
0.094 0.034 0.012 0.024 0.224 0.001 0.000 0.000 0.000 0.141 0.470
0.104 0.036 0.013 0.014 0.222 0.001 0.000 0.000 0.000 0.214 0.396
0.034 0.008 0.009 0.009 0.125 0.000 0.000 0.000 0.000 0.704 0.111
0.068 0.020 0.023 0.037 0.203 0.000 0.000 0.000 0.000 0.383 0.267
0.140 0.034 0.010 0.026 0.225 0.001 0.000 0.000 0.000 0.161 0.403
0.146 0.038 0.018 0.028 0.212 0.001 0.000 0.000 0.000 0.107 0.449
0.131 0.039 0.017 0.023 0.254 0.001 0.000 0.000 0.000 0.120 0.413
0.109 0.039 0.020 0.023 0.238 0.001 0.000 0.000 0.000 0.187 0.382
0.104 0.025 0.013 0.021 0.221 0.001 0.000 0.000 0.000 0.230 0.384
0.070 0.018 0.011 0.017 0.224 0.000 0.000 0.000 0.000 0.382 0.277
0.123 0.024 0.010 0.024 0.211 0.001 0.000 0.000 0.000 0.320 0.287
0.114 0.024 0.017 0.023 0.238 0.001 0.000 0.000 0.000 0.279 0.304
0.120 0.024 0.017 0.019 0.231 0.001 0.000 0.000 0.000 0.302 0.286
0.099 0.018 0.012 0.019 0.180 0.001 0.000 0.000 0.000 0.380 0.290
0.095 0.023 0.015 0.017 0.227 0.001 0.000 0.000 0.000 0.339 0.283
0.076 0.021 0.017 0.019 0.194 0.001 0.000 0.000 0.000 0.391 0.281
0.146 0.038 0.019 0.040 0.194 0.002 0.000 0.000 0.000 0.193 0.367
0.129 0.051 0.019 0.029 0.216 0.002 0.000 0.000 0.000 0.130 0.424
0.131 0.036 0.025 0.029 0.238 0.001 0.000 0.000 0.000 0.157 0.381
0.062 0.021 0.018 0.017 0.325 0.001 0.000 0.000 0.000 0.207 0.348
0.086 0.028 0.017 0.020 0.263 0.001 0.000 0.000 0.000 0.174 0.409
0.082 0.029 0.014 0.017 0.274 0.001 0.000 0.000 0.000 0.163 0.419
0.072 0.023 0.010 0.017 0.296 0.001 0.000 0.000 0.000 0.183 0.398
0.088 0.024 0.009 0.015 0.231 0.001 0.000 0.000 0.000 0.119 0.513
0.063 0.022 0.009 0.029 0.172 0.001 0.000 0.000 0.000 0.482 0.221
0.042 0.011 0.003 0.014 0.118 0.000 0.000 0.000 0.000 0.663 0.150
0.016 0.005 0.001 0.012 0.071 0.000 0.000 0.000 0.000 0.808 0.087
0.017 0.004 0.001 0.006 0.050 0.000 0.000 0.000 0.000 0.856 0.066
0.015 0.004 0.001 0.005 0.049 0.000 0.000 0.000 0.000 0.866 0.061
0.029 0.006 0.002 0.009 0.071 0.000 0.000 0.000 0.000 0.774 0.108
0.020 0.004 0.001 0.007 0.069 0.000 0.000 0.000 0.000 0.808 0.091
0.020 0.005 0.001 0.005 0.040 0.000 0.000 0.000 0.000 0.846 0.083
0.021 0.006 0.001 0.007 0.041 0.000 0.000 0.000 0.000 0.846 0.076
0.024 0.006 0.001 0.011 0.053 0.000 0.000 0.000 0.000 0.781 0.123
0.034 0.008 0.002 0.010 0.086 0.000 0.000 0.000 0.000 0.716 0.143
0.015 0.003 0.001 0.006 0.035 0.000 0.000 0.000 0.000 0.870 0.071
0.025 0.005 0.001 0.006 0.046 0.000 0.000 0.000 0.000 0.841 0.077
0.028 0.005 0.001 0.006 0.048 0.000 0.000 0.000 0.000 0.824 0.089
0.028 0.007 0.001 0.007 0.068 0.000 0.000 0.000 0.000 0.800 0.089
0.013 0.003 0.000 0.003 0.035 0.000 0.000 0.000 0.000 0.895 0.051
0.018 0.004 0.001 0.005 0.049 0.000 0.000 0.000 0.000 0.842 0.080
0.016 0.004 0.001 0.006 0.055 0.000 0.000 0.000 0.000 0.819 0.097
0.019 0.005 0.001 0.006 0.053 0.000 0.000 0.000 0.000 0.843 0.073
0.024 0.004 0.001 0.007 0.059 0.000 0.000 0.000 0.000 0.830 0.075
0.033 0.005 0.002 0.011 0.104 0.000 0.000 0.000 0.000 0.718 0.127
0.021 0.008 0.002 0.004 0.043 0.000 0.000 0.000 0.000 0.866 0.055
0.029 0.007 0.003 0.005 0.058 0.000 0.000 0.000 0.000 0.811 0.087
0.043 0.014 0.005 0.011 0.116 0.001 0.000 0.000 0.000 0.679 0.131
0.066 0.021 0.009 0.021 0.137 0.001 0.000 0.000 0.000 0.574 0.172
0.044 0.020 0.006 0.020 0.089 0.000 0.000 0.000 0.000 0.686 0.135
0.040 0.021 0.006 0.017 0.122 0.000 0.000 0.000 0.000 0.605 0.188
0.033 0.018 0.005 0.012 0.115 0.000 0.000 0.000 0.000 0.666 0.151
0.014 0.006 0.002 0.007 0.049 0.000 0.000 0.000 0.000 0.834 0.087
0.024 0.011 0.003 0.008 0.067 0.000 0.000 0.000 0.000 0.766 0.120
0.010 0.007 0.002 0.005 0.040 0.000 0.000 0.000 0.000 0.875 0.062
0.122 0.040 0.020 0.032 0.227 0.001 0.000 0.000 0.000 0.154 0.404
0.105 0.050 0.020 0.031 0.269 0.001 0.000 0.000 0.000 0.086 0.438
0.122 0.037 0.010 0.033 0.297 0.001 0.000 0.000 0.000 0.078 0.422
0.088 0.033 0.007 0.019 0.214 0.000 0.000 0.000 0.000 0.289 0.350
0.061 0.027 0.007 0.016 0.259 0.000 0.000 0.000 0.000 0.281 0.350
0.082 0.030 0.011 0.018 0.323 0.001 0.000 0.000 0.000 0.115 0.421
0.096 0.041 0.012 0.018 0.201 0.001 0.000 0.000 0.000 0.243 0.388
0.101 0.028 0.012 0.023 0.182 0.001 0.000 0.000 0.000 0.360 0.293
0.055 0.025 0.006 0.017 0.117 0.000 0.000 0.000 0.000 0.615 0.165
0.043 0.013 0.003 0.010 0.073 0.000 0.000 0.000 0.000 0.761 0.097
0.060 0.014 0.003 0.019 0.089 0.000 0.000 0.000 0.000 0.717 0.098
0.024 0.006 0.002 0.007 0.037 0.000 0.000 0.000 0.000 0.892 0.032
0.043 0.008 0.003 0.012 0.059 0.000 0.000 0.000 0.000 0.814 0.061
0.088 0.024 0.006 0.038 0.216 0.000 0.000 0.000 0.000 0.123 0.504
0.014 0.012 0.002 0.004 0.044 0.000 0.000 0.000 0.000 0.861 0.063
0.077 0.032 0.010 0.022 0.147 0.000 0.000 0.000 0.000 0.374 0.336
0.080 0.041 0.015 0.030 0.230 0.001 0.000 0.000 0.000 0.244 0.359
0.110 0.033 0.017 0.023 0.234 0.001 0.000 0.000 0.000 0.153 0.428
0.081 0.038 0.012 0.014 0.192 0.001 0.000 0.000 0.000 0.298 0.364
0.067 0.027 0.011 0.022 0.226 0.001 0.000 0.000 0.000 0.322 0.323
0.084 0.027 0.011 0.026 0.209 0.001 0.000 0.000 0.000 0.333 0.308
0.117 0.045 0.026 0.022 0.266 0.001 0.000 0.000 0.000 0.154 0.370
0.108 0.029 0.017 0.027 0.328 0.001 0.000 0.000 0.000 0.093 0.397
0.105 0.034 0.012 0.026 0.279 0.001 0.000 0.000 0.000 0.183 0.358
0.110 0.034 0.015 0.044 0.270 0.001 0.000 0.000 0.000 0.135 0.391
0.105 0.025 0.011 0.039 0.257 0.001 0.000 0.000 0.000 0.227 0.335
0.085 0.023 0.010 0.034 0.244 0.001 0.000 0.000 0.000 0.222 0.380
0.083 0.034 0.011 0.016 0.197 0.001 0.000 0.000 0.000 0.313 0.344
0.093 0.044 0.018 0.023 0.349 0.001 0.000 0.000 0.000 0.096 0.377
0.118 0.032 0.011 0.017 0.269 0.000 0.000 0.000 0.000 0.137 0.415
0.054 0.029 0.013 0.038 0.240 0.001 0.000 0.000 0.000 0.244 0.381
0.098 0.048 0.014 0.029 0.284 0.001 0.000 0.000 0.000 0.090 0.435
0.054 0.020 0.007 0.019 0.142 0.001 0.000 0.000 0.000 0.545 0.212
0.043 0.015 0.006 0.020 0.106 0.000 0.000 0.000 0.000 0.639 0.170
0.036 0.016 0.006 0.023 0.142 0.000 0.000 0.000 0.000 0.624 0.152
0.029 0.011 0.003 0.019 0.124 0.000 0.000 0.000 0.000 0.700 0.113
0.041 0.013 0.004 0.018 0.160 0.000 0.000 0.000 0.000 0.619 0.144
0.048 0.018 0.005 0.023 0.150 0.000 0.000 0.000 0.000 0.582 0.173
0.023 0.006 0.003 0.010 0.109 0.000 0.000 0.000 0.000 0.758 0.092
0.023 0.008 0.002 0.013 0.100 0.000 0.000 0.000 0.000 0.734 0.120
0.034 0.010 0.003 0.020 0.151 0.000 0.000 0.000 0.000 0.648 0.133
0.043 0.010 0.003 0.019 0.157 0.000 0.000 0.000 0.000 0.603 0.164
0.052 0.009 0.003 0.027 0.180 0.000 0.000 0.000 0.000 0.512 0.216
0.038 0.009 0.003 0.019 0.155 0.000 0.000 0.000 0.000 0.675 0.102
0.055 0.015 0.003 0.015 0.171 0.000 0.000 0.000 0.000 0.582 0.160
0.037 0.013 0.003 0.015 0.162 0.000 0.000 0.000 0.000 0.634 0.135
0.036 0.013 0.003 0.017 0.161 0.000 0.000 0.000 0.000 0.645 0.125
0.032 0.005 0.001 0.007 0.085 0.000 0.000 0.000 0.000 0.792 0.077
0.026 0.006 0.001 0.008 0.089 0.000 0.000 0.000 0.000 0.767 0.103
0.023 0.005 0.001 0.009 0.071 0.000 0.000 0.000 0.000 0.822 0.070
0.028 0.006 0.001 0.009 0.095 0.000 0.000 0.000 0.000 0.775 0.086
0.049 0.011 0.002 0.020 0.171 0.000 0.000 0.000 0.000 0.606 0.140
0.018 0.004 0.001 0.007 0.087 0.000 0.000 0.000 0.000 0.814 0.069
0.031 0.011 0.002 0.012 0.106 0.000 0.000 0.000 0.000 0.733 0.105
0.016 0.006 0.001 0.008 0.061 0.000 0.000 0.000 0.000 0.840 0.066
0.047 0.014 0.004 0.015 0.127 0.000 0.000 0.000 0.000 0.673 0.120
0.042 0.011 0.002 0.011 0.083 0.000 0.000 0.000 0.000 0.725 0.124
0.022 0.004 0.001 0.007 0.058 0.000 0.000 0.000 0.000 0.847 0.061
0.013 0.003 0.000 0.004 0.035 0.000 0.000 0.000 0.000 0.910 0.034
0.040 0.010 0.002 0.009 0.118 0.000 0.000 0.000 0.000 0.696 0.126
0.035 0.009 0.002 0.010 0.092 0.000 0.000 0.000 0.000 0.767 0.084
0.029 0.011 0.001 0.012 0.101 0.000 0.000 0.000 0.000 0.704 0.143
0.019 0.006 0.001 0.010 0.080 0.000 0.000 0.000 0.000 0.791 0.094
0.020 0.005 0.001 0.010 0.089 0.000 0.000 0.000 0.000 0.765 0.110
0.015 0.003 0.000 0.006 0.049 0.000 0.000 0.000 0.000 0.864 0.063
0.011 0.003 0.000 0.005 0.043 0.000 0.000 0.000 0.000 0.890 0.047
0.017 0.006 0.001 0.009 0.086 0.000 0.000 0.000 0.000 0.797 0.084
0.022 0.007 0.001 0.008 0.080 0.000 0.000 0.000 0.000 0.797 0.084
0.006 0.001 0.000 0.002 0.018 0.000 0.000 0.000 0.000 0.953 0.020
0.003 0.001 0.000 0.002 0.010 0.000 0.000 0.000 0.000 0.973 0.012
0.000 0.000 0.000 0.000 0.002 0.000 0.000 0.000 0.000 0.995 0.002
0.000 0.000 0.000 0.000 0.001 0.000 0.000 0.000 0.000 0.997 0.001
0.001 0.000 0.000 0.000 0.002 0.000 0.000 0.000 0.000 0.994 0.003
0.001 0.000 0.000 0.001 0.005 0.000 0.000 0.000 0.000 0.989 0.004
0.000 0.000 0.000 0.000 0.001 0.000 0.000 0.000 0.000 0.998 0.001
0.007 0.003 0.004 0.007 0.053 0.000 0.000 0.000 0.000 0.861 0.066
0.040 0.017 0.005 0.017 0.163 0.000 0.000 0.000 0.000 0.578 0.179
0.034 0.013 0.004 0.011 0.168 0.001 0.000 0.000 0.000 0.580 0.189
0.047 0.014 0.008 0.012 0.179 0.001 0.000 0.000 0.000 0.473 0.266
0.026 0.014 0.005 0.012 0.116 0.001 0.000 0.000 0.000 0.614 0.213
0.038 0.018 0.006 0.012 0.159 0.001 0.000 0.000 0.000 0.530 0.237
0.033 0.017 0.007 0.013 0.159 0.001 0.000 0.000 0.000 0.531 0.240
0.031 0.015 0.007 0.016 0.193 0.001 0.000 0.000 0.000 0.418 0.319
0.033 0.014 0.006 0.018 0.192 0.001 0.000 0.000 0.000 0.412 0.324
0.051 0.028 0.011 0.040 0.247 0.000 0.000 0.000 0.000 0.303 0.318
0.137 0.047 0.022 0.024 0.210 0.001 0.000 0.000 0.000 0.176 0.383
0.116 0.034 0.010 0.033 0.202 0.001 0.000 0.000 0.000 0.333 0.271
0.152 0.034 0.009 0.021 0.192 0.001 0.000 0.000 0.000 0.222 0.369
0.104 0.037 0.023 0.032 0.283 0.001 0.000 0.000 0.000 0.111 0.410
0.119 0.039 0.014 0.028 0.267 0.001 0.000 0.000 0.000 0.126 0.406
0.106 0.048 0.010 0.020 0.243 0.001 0.000 0.000 0.000 0.206 0.366
0.066 0.033 0.010 0.018 0.297 0.000 0.000 0.000 0.000 0.199 0.376
0.094 0.034 0.013 0.024 0.262 0.001 0.000 0.000 0.000 0.258 0.313
0.065 0.040 0.013 0.027 0.279 0.001 0.000 0.000 0.000 0.169 0.408
0.084 0.042 0.015 0.025 0.295 0.000 0.000 0.000 0.000 0.095 0.444
0.121 0.040 0.013 0.022 0.229 0.001 0.000 0.000 0.000 0.175 0.399
0.090 0.038 0.017 0.017 0.276 0.001 0.000 0.000 0.000 0.192 0.369
0.064 0.036 0.015 0.025 0.217 0.001 0.000 0.000 0.000 0.290 0.352
0.049 0.013 0.004 0.015 0.175 0.001 0.000 0.000 0.000 0.550 0.192
0.040 0.010 0.004 0.015 0.158 0.001 0.000 0.000 0.000 0.606 0.167
0.099 0.029 0.011 0.020 0.207 0.000 0.000 0.000 0.000 0.328 0.305
0.065 0.029 0.011 0.018 0.271 0.000 0.000 0.000 0.000 0.254 0.352
0.063 0.031 0.011 0.026 0.298 0.000 0.000 0.000 0.000 0.203 0.368
0.060 0.025 0.006 0.016 0.186 0.000 0.000 0.000 0.000 0.320 0.387
0.077 0.032 0.008 0.015 0.229 0.001 0.000 0.000 0.000 0.242 0.397
0.059 0.021 0.010 0.025 0.156 0.001 0.000 0.000 0.000 0.465 0.263
0.043 0.014 0.007 0.020 0.107 0.000 0.000 0.000 0.000 0.645 0.164
0.034 0.012 0.003 0.019 0.098 0.000 0.000 0.000 0.000 0.710 0.123
0.028 0.010 0.001 0.019 0.127 0.000 0.000 0.000 0.000 0.665 0.149
0.046 0.014 0.003 0.024 0.150 0.000 0.000 0.000 0.000 0.574 0.189
0.053 0.018 0.004 0.032 0.157 0.000 0.000 0.000 0.000 0.489 0.246
0.052 0.015 0.004 0.024 0.158 0.000 0.000 0.000 0.000 0.543 0.205
0.031 0.010 0.002 0.017 0.081 0.000 0.000 0.000 0.000 0.689 0.170
0.034 0.014 0.003 0.015 0.111 0.000 0.000 0.000 0.000 0.654 0.169
0.019 0.006 0.001 0.007 0.055 0.000 0.000 0.000 0.000 0.760 0.152
0.040 0.009 0.003 0.014 0.103 0.000 0.000 0.000 0.000 0.644 0.188
0.033 0.007 0.002 0.011 0.082 0.000 0.000 0.000 0.000 0.674 0.190
0.033 0.009 0.002 0.014 0.096 0.000 0.000 0.000 0.000 0.652 0.194
0.047 0.015 0.003 0.013 0.101 0.000 0.000 0.000 0.000 0.632 0.189
0.023 0.005 0.001 0.008 0.058 0.000 0.000 0.000 0.000 0.769 0.136
0.046 0.009 0.002 0.015 0.107 0.000 0.000 0.000 0.000 0.642 0.178
0.036 0.008 0.002 0.011 0.085 0.000 0.000 0.000 0.000 0.715 0.143
0.039 0.009 0.003 0.014 0.110 0.000 0.000 0.000 0.000 0.599 0.226
0.054 0.014 0.003 0.019 0.151 0.000 0.000 0.000 0.000 0.545 0.214
