0.007 0.004 0.002 0.004 0.028 0.000 0.000 0.000 0.000 0.942 0.013
0.015 0.004 0.003 0.002 0.094 0.000 0.000 0.000 0.000 0.865 0.018
0.040 0.006 0.003 0.005 0.128 0.000 0.000 0.000 0.000 0.786 0.031
0.006 0.001 0.001 0.002 0.039 0.000 0.000 0.000 0.000 0.944 0.006
0.003 0.001 0.001 0.001 0.016 0.000 0.000 0.000 0.000 0.976 0.003
0.002 0.000 0.000 0.000 0.022 0.000 0.000 0.000 0.000 0.972 0.003
0.001 0.000 0.001 0.000 0.014 0.000 0.000 0.000 0.000 0.981 0.002
0.001 0.000 0.000 0.000 0.005 0.000 0.000 0.000 0.000 0.993 0.001
0.001 0.000 0.000 0.000 0.005 0.000 0.000 0.000 0.000 0.993 0.001
0.001 0.000 0.000 0.000 0.003 0.000 0.000 0.000 0.000 0.994 0.001
0.000 0.000 0.000 0.000 0.004 0.000 0.000 0.000 0.000 0.995 0.001
0.000 0.000 0.000 0.000 0.006 0.000 0.000 0.000 0.000 0.992 0.001
0.001 0.000 0.000 0.000 0.005 0.000 0.000 0.000 0.000 0.994 0.000
0.002 0.000 0.000 0.001 0.016 0.000 0.000 0.000 0.000 0.977 0.002
0.005 0.002 0.001 0.002 0.034 0.000 0.000 0.000 0.000 0.950 0.006
0.003 0.001 0.000 0.001 0.023 0.000 0.000 0.000 0.000 0.969 0.003
0.017 0.007 0.007 0.007 0.112 0.000 0.000 0.000 0.000 0.839 0.012
0.055 0.005 0.008 0.014 0.412 0.001 0.000 0.000 0.000 0.438 0.067
0.085 0.010 0.017 0.017 0.153 0.001 0.000 0.000 0.000 0.546 0.171
0.020 0.001 0.001 0.002 0.074 0.000 0.000 0.000 0.000 0.888 0.015
0.143 0.007 0.006 0.040 0.200 0.001 0.000 0.000 0.000 0.334 0.268
0.153 0.003 0.005 0.044 0.144 0.001 0.000 0.000 0.000 0.365 0.285
0.122 0.008 0.010 0.046 0.207 0.001 0.000 0.000 0.000 0.265 0.340
0.037 0.004 0.010 0.006 0.614 0.000 0.000 0.000 0.000 0.308 0.021
0.051 0.002 0.004 0.010 0.461 0.001 0.000 0.000 0.000 0.411 0.060
0.075 0.018 0.010 0.045 0.347 0.002 0.000 0.000 0.000 0.470 0.033
0.135 0.010 0.009 0.041 0.364 0.006 0.000 0.000 0.000 0.355 0.081
0.043 0.004 0.008 0.013 0.368 0.001 0.000 0.000 0.000 0.499 0.065
0.111 0.083 0.007 0.094 0.367 0.008 0.000 0.000 0.000 0.158 0.172
0.096 0.041 0.006 0.052 0.447 0.002 0.000 0.000 0.000 0.131 0.225
0.371 0.005 0.001 0.192 0.087 0.018 0.000 0.000 0.000 0.063 0.262
0.097 0.001 0.001 0.016 0.101 0.003 0.000 0.000 0.000 0.761 0.020
0.138 0.002 0.001 0.054 0.123 0.006 0.000 0.000 0.000 0.630 0.048
0.243 0.004 0.002 0.103 0.148 0.008 0.000 0.000 0.000 0.283 0.208
0.085 0.002 0.001 0.017 0.243 0.001 0.000 0.000 0.000 0.586 0.064
0.094 0.002 0.002 0.017 0.395 0.001 0.000 0.000 0.000 0.358 0.130
0.043 0.002 0.001 0.006 0.187 0.000 0.000 0.000 0.000 0.712 0.048
0.024 0.002 0.002 0.004 0.096 0.001 0.000 0.000 0.000 0.830 0.042
0.025 0.001 0.001 0.003 0.052 0.000 0.000 0.000 0.000 0.891 0.027
0.082 0.003 0.003 0.012 0.122 0.001 0.000 0.000 0.000 0.652 0.125
0.047 0.001 0.001 0.008 0.078 0.001 0.000 0.000 0.000 0.819 0.046
0.033 0.001 0.000 0.009 0.049 0.000 0.000 0.000 0.000 0.867 0.040
0.034 0.001 0.001 0.010 0.107 0.001 0.000 0.000 0.000 0.798 0.049
0.006 0.000 0.000 0.001 0.017 0.000 0.000 0.000 0.000 0.972 0.004
0.008 0.000 0.000 0.001 0.027 0.000 0.000 0.000 0.000 0.958 0.006
0.010 0.000 0.000 0.001 0.048 0.000 0.000 0.000 0.000 0.933 0.006
0.011 0.000 0.001 0.002 0.079 0.000 0.000 0.000 0.000 0.898 0.009
0.003 0.000 0.001 0.001 0.034 0.000 0.000 0.000 0.000 0.957 0.003
0.003 0.001 0.002 0.001 0.034 0.000 0.000 0.000 0.000 0.956 0.003
0.000 0.000 0.001 0.000 0.004 0.000 0.000 0.000 0.000 0.995 0.000
0.000 0.000 0.000 0.000 0.001 0.000 0.000 0.000 0.000 0.998 0.000
0.000 0.000 0.000 0.000 0.003 0.000 0.000 0.000 0.000 0.995 0.001
0.002 0.001 0.000 0.000 0.004 0.000 0.000 0.000 0.000 0.990 0.002
0.001 0.001 0.000 0.000 0.004 0.000 0.000 0.000 0.000 0.992 0.002
0.005 0.002 0.001 0.001 0.016 0.000 0.000 0.000 0.000 0.966 0.009
0.000 0.000 0.000 0.000 0.001 0.000 0.000 0.000 0.000 0.999 0.000
0.000 0.000 0.000 0.000 0.001 0.000 0.000 0.000 0.000 0.999 0.000
0.002 0.001 0.000 0.000 0.003 0.000 0.000 0.000 0.000 0.991 0.002
0.001 0.000 0.000 0.000 0.002 0.000 0.000 0.000 0.000 0.996 0.001
0.001 0.001 0.000 0.000 0.001 0.000 0.000 0.000 0.000 0.996 0.001
0.002 0.001 0.000 0.000 0.005 0.000 0.000 0.000 0.000 0.990 0.002
0.000 0.000 0.000 0.000 0.001 0.000 0.000 0.000 0.000 0.998 0.000
0.000 0.000 0.000 0.000 0.000 0.000 0.000 0.000 0.000 0.999 0.000
0.001 0.000 0.000 0.000 0.002 0.000 0.000 0.000 0.000 0.996 0.000
0.000 0.000 0.000 0.000 0.001 0.000 0.000 0.000 0.000 0.998 0.000
0.000 0.000 0.000 0.000 0.001 0.000 0.000 0.000 0.000 0.998 0.000
0.000 0.000 0.000 0.000 0.000 0.000 0.000 0.000 0.000 0.999 0.000
0.000 0.000 0.000 0.000 0.000 0.000 0.000 0.000 0.000 0.999 0.000
0.000 0.000 0.000 0.000 0.000 0.000 0.000 0.000 0.000 1.000 0.000
0.000 0.000 0.000 0.000 0.000 0.000 0.000 0.000 0.000 1.000 0.000
0.000 0.000 0.000 0.000 0.000 0.000 0.000 0.000 0.000 1.000 0.000
0.000 0.000 0.000 0.000 0.000 0.000 0.000 0.000 0.000 1.000 0.000
0.000 0.000 0.000 0.000 0.000 0.000 0.000 0.000 0.000 0.999 0.000
0.000 0.000 0.000 0.000 0.001 0.000 0.000 0.000 0.000 0.998 0.000
0.000 0.000 0.000 0.000 0.001 0.000 0.000 0.000 0.000 0.999 0.000
0.000 0.000 0.000 0.000 0.000 0.000 0.000 0.000 0.000 1.000 0.000
0.000 0.000 0.000 0.000 0.000 0.000 0.000 0.000 0.000 1.000 0.000
0.000 0.000 0.000 0.000 0.001 0.000 0.000 0.000 0.000 0.999 0.000
0.000 0.000 0.000 0.000 0.000 0.000 0.000 0.000 0.000 1.000 0.000
0.000 0.000 0.000 0.000 0.000 0.000 0.000 0.000 0.000 1.000 0.000
0.001 0.002 0.003 0.000 0.003 0.000 0.000 0.000 0.000 0.990 0.001
0.006 0.002 0.031 0.005 0.050 0.000 0.000 0.000 0.000 0.897 0.009
0.048 0.030 0.096 0.038 0.311 0.001 0.000 0.000 0.000 0.380 0.095
0.083 0.022 0.033 0.038 0.296 0.002 0.000 0.000 0.000 0.276 0.250
0.074 0.020 0.011 0.021 0.265 0.001 0.000 0.000 0.000 0.391 0.216
0.043 0.004 0.002 0.004 0.303 0.001 0.000 0.000 0.000 0.564 0.079
0.165 0.004 0.001 0.012 0.166 0.001 0.000 0.000 0.000 0.481 0.171
0.034 0.001 0.000 0.005 0.067 0.001 0.000 0.000 0.000 0.855 0.037
0.138 0.007 0.022 0.036 0.291 0.003 0.000 0.000 0.000 0.186 0.317
0.070 0.010 0.004 0.024 0.215 0.003 0.000 0.000 0.000 0.639 0.036
0.106 0.043 0.010 0.051 0.304 0.004 0.000 0.000 0.000 0.339 0.142
0.092 0.022 0.011 0.064 0.161 0.002 0.000 0.000 0.000 0.420 0.228
0.079 0.011 0.008 0.024 0.257 0.001 0.000 0.000 0.000 0.416 0.203
0.119 0.004 0.006 0.009 0.335 0.001 0.000 0.000 0.000 0.210 0.315
0.087 0.274 0.011 0.041 0.246 0.002 0.000 0.000 0.000 0.185 0.154
0.156 0.167 0.011 0.055 0.183 0.003 0.000 0.000 0.000 0.177 0.248
0.572 0.007 0.012 0.046 0.079 0.001 0.000 0.000 0.000 0.031 0.253
0.113 0.004 0.011 0.012 0.207 0.001 0.000 0.000 0.000 0.503 0.149
0.108 0.009 0.004 0.024 0.200 0.004 0.000 0.000 0.000 0.571 0.079
0.202 0.011 0.003 0.050 0.202 0.004 0.000 0.000 0.000 0.453 0.075
0.155 0.001 0.003 0.016 0.302 0.002 0.000 0.000 0.000 0.371 0.150
0.248 0.005 0.041 0.163 0.216 0.003 0.000 0.000 0.000 0.063 0.261
0.289 0.011 0.022 0.205 0.167 0.006 0.000 0.000 0.000 0.088 0.213
0.220 0.020 0.059 0.220 0.074 0.002 0.000 0.000 0.000 0.067 0.338
0.305 0.002 0.006 0.010 0.151 0.001 0.000 0.000 0.000 0.033 0.491
0.339 0.003 0.006 0.010 0.186 0.001 0.000 0.000 0.000 0.062 0.391
0.041 0.002 0.002 0.007 0.153 0.000 0.000 0.000 0.000 0.737 0.057
0.037 0.002 0.001 0.009 0.076 0.001 0.000 0.000 0.000 0.847 0.028
0.039 0.005 0.011 0.019 0.393 0.001 0.000 0.000 0.000 0.456 0.076
0.182 0.003 0.004 0.015 0.100 0.001 0.000 0.000 0.000 0.413 0.282
0.005 0.000 0.000 0.001 0.013 0.000 0.000 0.000 0.000 0.980 0.002
0.004 0.000 0.000 0.001 0.010 0.000 0.000 0.000 0.000 0.984 0.002
0.000 0.000 0.000 0.000 0.000 0.000 0.000 0.000 0.000 1.000 0.000
0.000 0.001 0.000 0.000 0.000 0.000 0.000 0.000 0.000 0.999 0.000
0.000 0.000 0.000 0.000 0.000 0.000 0.000 0.000 0.000 1.000 0.000
0.000 0.000 0.000 0.000 0.000 0.000 0.000 0.000 0.000 1.000 0.000
0.000 0.000 0.000 0.000 0.001 0.000 0.000 0.000 0.000 0.999 0.000
0.000 0.000 0.000 0.000 0.000 0.000 0.000 0.000 0.000 1.000 0.000
0.000 0.000 0.000 0.000 0.000 0.000 0.000 0.000 0.000 1.000 0.000
0.000 0.000 0.000 0.000 0.000 0.000 0.000 0.000 0.000 1.000 0.000
0.000 0.000 0.000 0.000 0.000 0.000 0.000 0.000 0.000 1.000 0.000
0.005 0.009 0.005 0.002 0.032 0.000 0.000 0.000 0.000 0.943 0.005
0.057 0.026 0.064 0.033 0.231 0.001 0.000 0.000 0.000 0.439 0.149
0.224 0.012 0.007 0.014 0.243 0.001 0.000 0.000 0.000 0.202 0.297
0.002 0.000 0.000 0.001 0.013 0.000 0.000 0.000 0.000 0.983 0.001
0.187 0.010 0.009 0.065 0.403 0.004 0.000 0.000 0.000 0.170 0.151
0.255 0.011 0.008 0.123 0.258 0.003 0.000 0.000 0.000 0.086 0.256
0.007 0.001 0.000 0.002 0.026 0.000 0.000 0.000 0.000 0.960 0.003
0.043 0.003 0.001 0.007 0.150 0.001 0.000 0.000 0.000 0.730 0.065
0.249 0.017 0.003 0.081 0.185 0.009 0.000 0.000 0.000 0.340 0.117
0.045 0.002 0.003 0.007 0.141 0.001 0.000 0.000 0.000 0.760 0.040
0.004 0.001 0.001 0.001 0.011 0.000 0.000 0.000 0.000 0.980 0.002
0.001 0.001 0.000 0.000 0.003 0.000 0.000 0.000 0.000 0.994 0.001
0.000 0.001 0.000 0.000 0.001 0.000 0.000 0.000 0.000 0.997 0.000
0.000 0.000 0.000 0.000 0.000 0.000 0.000 0.000 0.000 1.000 0.000
0.000 0.000 0.000 0.000 0.000 0.000 0.000 0.000 0.000 0.999 0.000
0.000 0.000 0.000 0.000 0.001 0.000 0.000 0.000 0.000 0.998 0.001
0.000 0.000 0.000 0.000 0.000 0.000 0.000 0.000 0.000 1.000 0.000
0.000 0.000 0.000 0.000 0.000 0.000 0.000 0.000 0.000 0.999 0.000
0.001 0.000 0.000 0.000 0.001 0.000 0.000 0.000 0.000 0.998 0.000
0.000 0.000 0.000 0.000 0.001 0.000 0.000 0.000 0.000 0.998 0.000
0.000 0.000 0.000 0.000 0.000 0.000 0.000 0.000 0.000 0.999 0.000
0.000 0.000 0.000 0.000 0.002 0.000 0.000 0.000 0.000 0.997 0.000
0.001 0.000 0.001 0.000 0.002 0.000 0.000 0.000 0.000 0.996 0.000
0.000 0.000 0.000 0.000 0.001 0.000 0.000 0.000 0.000 0.999 0.000
0.000 0.000 0.000 0.000 0.001 0.000 0.000 0.000 0.000 0.998 0.000
0.000 0.000 0.000 0.000 0.001 0.000 0.000 0.000 0.000 0.998 0.000
0.001 0.003 0.000 0.000 0.009 0.000 0.000 0.000 0.000 0.986 0.001
0.007 0.001 0.001 0.001 0.026 0.000 0.000 0.000 0.000 0.953 0.012
0.033 0.007 0.003 0.003 0.071 0.000 0.000 0.000 0.000 0.849 0.035
0.028 0.001 0.001 0.004 0.096 0.000 0.000 0.000 0.000 0.845 0.025
0.046 0.001 0.011 0.009 0.723 0.000 0.000 0.000 0.000 0.159 0.051
0.009 0.000 0.000 0.001 0.028 0.000 0.000 0.000 0.000 0.955 0.006
0.006 0.000 0.000 0.000 0.018 0.000 0.000 0.000 0.000 0.972 0.003
0.008 0.000 0.000 0.001 0.024 0.000 0.000 0.000 0.000 0.961 0.006
0.007 0.000 0.000 0.001 0.010 0.000 0.000 0.000 0.000 0.979 0.003
0.017 0.001 0.003 0.002 0.089 0.000 0.000 0.000 0.000 0.874 0.015
0.094 0.006 0.182 0.041 0.496 0.001 0.000 0.000 0.000 0.105 0.076
0.063 0.001 0.003 0.007 0.192 0.000 0.000 0.000 0.000 0.663 0.070
0.021 0.262 0.008 0.015 0.038 0.000 0.000 0.000 0.000 0.602 0.054
0.015 0.010 0.009 0.006 0.035 0.000 0.000 0.000 0.000 0.869 0.055
0.291 0.128 0.008 0.020 0.078 0.000 0.000 0.000 0.000 0.034 0.441
0.064 0.002 0.002 0.003 0.069 0.000 0.000 0.000 0.000 0.800 0.060
0.199 0.004 0.009 0.012 0.161 0.000 0.000 0.000 0.000 0.437 0.178
0.012 0.001 0.001 0.003 0.025 0.000 0.000 0.000 0.000 0.953 0.005
0.240 0.011 0.006 0.007 0.231 0.000 0.000 0.000 0.000 0.097 0.409
0.168 0.003 0.002 0.005 0.163 0.001 0.000 0.000 0.000 0.175 0.482
0.033 0.001 0.001 0.001 0.037 0.000 0.000 0.000 0.000 0.869 0.060
0.008 0.000 0.000 0.001 0.024 0.000 0.000 0.000 0.000 0.962 0.005
0.004 0.000 0.000 0.000 0.010 0.000 0.000 0.000 0.000 0.983 0.003
0.012 0.001 0.001 0.002 0.065 0.000 0.000 0.000 0.000 0.903 0.016
0.001 0.000 0.000 0.000 0.013 0.000 0.000 0.000 0.000 0.985 0.001
0.003 0.000 0.000 0.000 0.028 0.000 0.000 0.000 0.000 0.967 0.002
0.003 0.001 0.001 0.001 0.055 0.000 0.000 0.000 0.000 0.937 0.003
0.002 0.000 0.000 0.000 0.015 0.000 0.000 0.000 0.000 0.982 0.001
0.007 0.000 0.000 0.001 0.016 0.000 0.000 0.000 0.000 0.970 0.005
0.012 0.001 0.001 0.002 0.033 0.000 0.000 0.000 0.000 0.942 0.011
0.031 0.001 0.002 0.005 0.177 0.000 0.000 0.000 0.000 0.758 0.025
0.029 0.001 0.000 0.002 0.045 0.000 0.000 0.000 0.000 0.909 0.014
0.004 0.000 0.000 0.001 0.012 0.000 0.000 0.000 0.000 0.982 0.001
0.004 0.000 0.000 0.001 0.017 0.000 0.000 0.000 0.000 0.977 0.002
0.003 0.001 0.000 0.001 0.009 0.000 0.000 0.000 0.000 0.984 0.002
0.145 0.050 0.007 0.034 0.159 0.003 0.000 0.000 0.000 0.504 0.097
0.005 0.001 0.000 0.001 0.015 0.000 0.000 0.000 0.000 0.978 0.001
0.026 0.002 0.000 0.007 0.051 0.001 0.000 0.000 0.000 0.904 0.009
0.014 0.001 0.000 0.004 0.029 0.000 0.000 0.000 0.000 0.950 0.002
0.014 0.001 0.000 0.002 0.012 0.000 0.000 0.000 0.000 0.967 0.004
0.032 0.001 0.001 0.006 0.030 0.001 0.000 0.000 0.000 0.924 0.007
0.006 0.000 0.000 0.001 0.006 0.000 0.000 0.000 0.000 0.985 0.002
0.021 0.000 0.001 0.003 0.037 0.000 0.000 0.000 0.000 0.931 0.006
0.008 0.000 0.000 0.001 0.009 0.000 0.000 0.000 0.000 0.979 0.002
0.009 0.000 0.000 0.001 0.017 0.000 0.000 0.000 0.000 0.968 0.004
0.003 0.000 0.000 0.000 0.005 0.000 0.000 0.000 0.000 0.990 0.002
0.015 0.000 0.000 0.001 0.020 0.000 0.000 0.000 0.000 0.949 0.014
0.003 0.000 0.000 0.000 0.004 0.000 0.000 0.000 0.000 0.987 0.004
0.008 0.000 0.000 0.000 0.018 0.000 0.000 0.000 0.000 0.965 0.009
0.012 0.000 0.000 0.001 0.023 0.000 0.000 0.000 0.000 0.952 0.012
0.030 0.001 0.000 0.002 0.059 0.000 0.000 0.000 0.000 0.880 0.028
0.040 0.001 0.001 0.003 0.075 0.000 0.000 0.000 0.000 0.824 0.056
0.001 0.000 0.002 0.000 0.007 0.000 0.000 0.000 0.000 0.989 0.001
0.000 0.000 0.000 0.000 0.000 0.000 0.000 0.000 0.000 0.999 0.000
0.000 0.000 0.000 0.000 0.005 0.000 0.000 0.000 0.000 0.994 0.000
0.001 0.001 0.000 0.000 0.006 0.000 0.000 0.000 0.000 0.991 0.001
0.000 0.000 0.000 0.000 0.002 0.000 0.000 0.000 0.000 0.997 0.001
0.000 0.000 0.000 0.000 0.006 0.000 0.000 0.000 0.000 0.992 0.001
0.003 0.001 0.000 0.000 0.044 0.000 0.000 0.000 0.000 0.948 0.004
0.007 0.002 0.001 0.001 0.055 0.000 0.000 0.000 0.000 0.914 0.019
0.001 0.000 0.000 0.000 0.005 0.000 0.000 0.000 0.000 0.992 0.002
0.005 0.000 0.000 0.000 0.018 0.000 0.000 0.000 0.000 0.965 0.011
0.006 0.000 0.000 0.000 0.013 0.000 0.000 0.000 0.000 0.964 0.016
0.010 0.001 0.000 0.001 0.025 0.000 0.000 0.000 0.000 0.956 0.007
0.008 0.000 0.000 0.000 0.027 0.000 0.000 0.000 0.000 0.956 0.008
0.003 0.000 0.000 0.000 0.015 0.000 0.000 0.000 0.000 0.978 0.004
0.001 0.000 0.000 0.000 0.001 0.000 0.000 0.000 0.000 0.996 0.001
0.003 0.000 0.000 0.000 0.003 0.000 0.000 0.000 0.000 0.992 0.002
0.009 0.000 0.000 0.000 0.007 0.000 0.000 0.000 0.000 0.975 0.008
0.002 0.000 0.000 0.000 0.002 0.000 0.000 0.000 0.000 0.993 0.002
0.005 0.000 0.000 0.000 0.003 0.000 0.000 0.000 0.000 0.990 0.003
0.008 0.000 0.000 0.000 0.004 0.000 0.000 0.000 0.000 0.984 0.004
0.025 0.001 0.000 0.001 0.017 0.000 0.000 0.000 0.000 0.934 0.021
0.075 0.002 0.002 0.005 0.144 0.001 0.000 0.000 0.000 0.701 0.069
0.012 0.001 0.000 0.002 0.037 0.000 0.000 0.000 0.000 0.938 0.010
0.039 0.006 0.004 0.009 0.302 0.000 0.000 0.000 0.000 0.612 0.027
0.013 0.012 0.002 0.004 0.262 0.000 0.000 0.000 0.000 0.674 0.033
0.304 0.027 0.006 0.131 0.149 0.008 0.000 0.000 0.000 0.150 0.225
0.029 0.002 0.002 0.010 0.273 0.001 0.000 0.000 0.000 0.661 0.022
0.192 0.015 0.005 0.032 0.187 0.004 0.000 0.000 0.000 0.339 0.226
0.265 0.006 0.001 0.044 0.174 0.005 0.000 0.000 0.000 0.324 0.180
0.032 0.002 0.002 0.008 0.272 0.001 0.000 0.000 0.000 0.650 0.035
0.117 0.016 0.045 0.031 0.453 0.003 0.000 0.000 0.000 0.132 0.202
0.327 0.051 0.006 0.225 0.078 0.009 0.000 0.000 0.000 0.022 0.282
0.292 0.009 0.002 0.174 0.228 0.020 0.000 0.000 0.000 0.057 0.217
0.310 0.003 0.001 0.212 0.150 0.014 0.000 0.000 0.000 0.092 0.217
0.258 0.003 0.002 0.149 0.182 0.009 0.000 0.000 0.000 0.056 0.341
0.185 0.003 0.002 0.046 0.286 0.006 0.000 0.000 0.000 0.184 0.289
0.163 0.002 0.002 0.023 0.213 0.004 0.000 0.000 0.000 0.365 0.227
0.085 0.003 0.002 0.016 0.217 0.003 0.000 0.000 0.000 0.549 0.124
0.009 0.000 0.001 0.002 0.036 0.000 0.000 0.000 0.000 0.929 0.023
0.016 0.001 0.003 0.003 0.107 0.001 0.000 0.000 0.000 0.839 0.030
0.007 0.001 0.002 0.001 0.050 0.000 0.000 0.000 0.000 0.931 0.008
0.005 0.001 0.003 0.001 0.051 0.000 0.000 0.000 0.000 0.931 0.007
0.002 0.001 0.001 0.001 0.016 0.000 0.000 0.000 0.000 0.977 0.003
0.000 0.000 0.000 0.000 0.004 0.000 0.000 0.000 0.000 0.994 0.001
0.000 0.000 0.000 0.000 0.000 0.000 0.000 0.000 0.000 0.999 0.000
0.000 0.000 0.000 0.000 0.000 0.000 0.000 0.000 0.000 0.999 0.000
0.000 0.000 0.000 0.000 0.000 0.000 0.000 0.000 0.000 1.000 0.000
0.000 0.000 0.000 0.000 0.000 0.000 0.000 0.000 0.000 1.000 0.000
0.000 0.000 0.000 0.000 0.000 0.000 0.000 0.000 0.000 1.000 0.000
0.000 0.000 0.000 0.000 0.000 0.000 0.000 0.000 0.000 0.999 0.000
0.002 0.001 0.000 0.000 0.003 0.000 0.000 0.000 0.000 0.992 0.002
0.000 0.000 0.000 0.000 0.001 0.000 0.000 0.000 0.000 0.998 0.000
0.000 0.000 0.000 0.000 0.001 0.000 0.000 0.000 0.000 0.998 0.000
0.000 0.000 0.000 0.000 0.000 0.000 0.000 0.000 0.000 1.000 0.000
0.000 0.001 0.000 0.000 0.001 0.000 0.000 0.000 0.000 0.998 0.000
0.000 0.000 0.000 0.000 0.000 0.000 0.000 0.000 0.000 0.999 0.000
0.000 0.000 0.000 0.000 0.000 0.000 0.000 0.000 0.000 1.000 0.000
0.000 0.000 0.000 0.000 0.000 0.000 0.000 0.000 0.000 0.999 0.000
0.000 0.000 0.000 0.000 0.000 0.000 0.000 0.000 0.000 0.999 0.000
0.000 0.000 0.000 0.000 0.000 0.000 0.000 0.000 0.000 0.999 0.000
0.001 0.001 0.000 0.000 0.002 0.000 0.000 0.000 0.000 0.996 0.001
0.001 0.001 0.000 0.000 0.002 0.000 0.000 0.000 0.000 0.996 0.000
0.002 0.001 0.000 0.000 0.003 0.000 0.000 0.000 0.000 0.993 0.001
0.001 0.001 0.000 0.000 0.002 0.000 0.000 0.000 0.000 0.996 0.001
0.000 0.000 0.000 0.000 0.001 0.000 0.000 0.000 0.000 0.997 0.000
0.001 0.001 0.000 0.000 0.003 0.000 0.000 0.000 0.000 0.993 0.001
0.000 0.000 0.000 0.000 0.001 0.000 0.000 0.000 0.000 0.998 0.000
0.000 0.000 0.000 0.000 0.001 0.000 0.000 0.000 0.000 0.999 0.000
0.001 0.001 0.001 0.000 0.002 0.000 0.000 0.000 0.000 0.995 0.000
0.000 0.000 0.000 0.000 0.001 0.000 0.000 0.000 0.000 0.999 0.000
0.001 0.002 0.005 0.001 0.016 0.000 0.000 0.000 0.000 0.973 0.002
0.001 0.000 0.000 0.000 0.001 0.000 0.000 0.000 0.000 0.997 0.000
0.000 0.001 0.000 0.000 0.001 0.000 0.000 0.000 0.000 0.997 0.000
0.000 0.002 0.002 0.000 0.008 0.000 0.000 0.000 0.000 0.986 0.001
0.017 0.014 0.019 0.011 0.096 0.000 0.000 0.000 0.000 0.819 0.023
0.030 0.017 0.032 0.019 0.167 0.001 0.000 0.000 0.000 0.679 0.055
0.260 0.099 0.015 0.302 0.095 0.013 0.000 0.000 0.000 0.016 0.200
0.092 0.004 0.004 0.024 0.176 0.003 0.000 0.000 0.000 0.588 0.108
0.067 0.004 0.009 0.017 0.167 0.002 0.000 0.000 0.000 0.589 0.144
0.198 0.010 0.005 0.153 0.106 0.008 0.000 0.000 0.000 0.039 0.481
0.295 0.008 0.004 0.137 0.181 0.010 0.000 0.000 0.000 0.088 0.278
0.165 0.003 0.015 0.040 0.336 0.002 0.000 0.000 0.000 0.079 0.360
0.124 0.004 0.419 0.087 0.232 0.001 0.000 0.000 0.000 0.017 0.116
0.135 0.012 0.096 0.072 0.440 0.004 0.000 0.000 0.000 0.141 0.100
0.193 0.006 0.015 0.096 0.479 0.002 0.000 0.000 0.000 0.087 0.122
0.109 0.007 0.008 0.040 0.300 0.002 0.000 0.000 0.000 0.341 0.192
0.159 0.012 0.010 0.032 0.288 0.003 0.000 0.000 0.000 0.270 0.225
0.016 0.011 0.002 0.005 0.092 0.001 0.000 0.000 0.000 0.830 0.042
0.200 0.012 0.004 0.070 0.170 0.005 0.000 0.000 0.000 0.334 0.204
0.009 0.001 0.000 0.002 0.017 0.000 0.000 0.000 0.000 0.962 0.009
0.024 0.004 0.011 0.004 0.119 0.000 0.000 0.000 0.000 0.803 0.035
0.000 0.000 0.000 0.000 0.000 0.000 0.000 0.000 0.000 0.999 0.000
0.000 0.000 0.000 0.000 0.000 0.000 0.000 0.000 0.000 0.999 0.000
0.000 0.000 0.000 0.000 0.000 0.000 0.000 0.000 0.000 0.999 0.000
0.001 0.001 0.000 0.000 0.002 0.000 0.000 0.000 0.000 0.995 0.001
0.000 0.000 0.000 0.000 0.001 0.000 0.000 0.000 0.000 0.998 0.000
0.002 0.000 0.000 0.000 0.000 0.000 0.000 0.000 0.000 0.997 0.001
0.008 0.000 0.000 0.000 0.002 0.000 0.000 0.000 0.000 0.986 0.004
0.008 0.000 0.000 0.000 0.003 0.000 0.000 0.000 0.000 0.983 0.006
0.003 0.000 0.000 0.000 0.001 0.000 0.000 0.000 0.000 0.994 0.002
0.003 0.000 0.000 0.000 0.002 0.000 0.000 0.000 0.000 0.992 0.002
0.004 0.000 0.000 0.000 0.003 0.000 0.000 0.000 0.000 0.989 0.003
0.010 0.000 0.000 0.001 0.013 0.000 0.000 0.000 0.000 0.971 0.005
0.004 0.000 0.000 0.000 0.010 0.000 0.000 0.000 0.000 0.983 0.003
0.004 0.000 0.000 0.000 0.017 0.000 0.000 0.000 0.000 0.974 0.004
0.008 0.001 0.003 0.002 0.065 0.000 0.000 0.000 0.000 0.909 0.012
0.079 0.008 0.011 0.034 0.401 0.002 0.000 0.000 0.000 0.383 0.082
0.013 0.005 0.045 0.007 0.342 0.001 0.000 0.000 0.000 0.564 0.022
0.025 0.001 0.001 0.003 0.524 0.001 0.000 0.000 0.000 0.440 0.006
0.028 0.003 0.003 0.007 0.222 0.001 0.000 0.000 0.000 0.720 0.015
0.065 0.006 0.650 0.069 0.108 0.002 0.000 0.000 0.000 0.066 0.034
0.060 0.003 0.003 0.017 0.251 0.002 0.000 0.000 0.000 0.571 0.094
0.050 0.001 0.001 0.005 0.119 0.001 0.000 0.000 0.000 0.763 0.060
0.235 0.005 0.006 0.013 0.217 0.001 0.000 0.000 0.000 0.353 0.171
0.166 0.004 0.003 0.011 0.137 0.001 0.000 0.000 0.000 0.566 0.113
0.094 0.002 0.004 0.006 0.178 0.000 0.000 0.000 0.000 0.366 0.350
0.091 0.002 0.004 0.008 0.420 0.001 0.000 0.000 0.000 0.124 0.351
0.051 0.001 0.002 0.005 0.486 0.001 0.000 0.000 0.000 0.406 0.047
0.029 0.001 0.001 0.004 0.127 0.000 0.000 0.000 0.000 0.828 0.010
0.060 0.002 0.003 0.015 0.185 0.001 0.000 0.000 0.000 0.712 0.022
0.081 0.001 0.002 0.021 0.497 0.002 0.000 0.000 0.000 0.371 0.023
0.027 0.001 0.002 0.005 0.393 0.001 0.000 0.000 0.000 0.544 0.028
0.072 0.002 0.003 0.010 0.279 0.001 0.000 0.000 0.000 0.542 0.091
0.100 0.003 0.003 0.010 0.249 0.001 0.000 0.000 0.000 0.485 0.149
0.119 0.001 0.001 0.011 0.124 0.001 0.000 0.000 0.000 0.539 0.205
0.123 0.001 0.000 0.012 0.056 0.001 0.000 0.000 0.000 0.698 0.108
0.125 0.000 0.000 0.018 0.094 0.003 0.000 0.000 0.000 0.638 0.120
0.087 0.001 0.000 0.017 0.083 0.004 0.000 0.000 0.000 0.721 0.087
0.051 0.001 0.001 0.015 0.243 0.004 0.000 0.000 0.000 0.645 0.041
0.027 0.000 0.000 0.006 0.082 0.001 0.000 0.000 0.000 0.869 0.014
0.019 0.001 0.001 0.005 0.193 0.001 0.000 0.000 0.000 0.753 0.026
0.016 0.001 0.004 0.004 0.201 0.001 0.000 0.000 0.000 0.764 0.010
0.016 0.001 0.001 0.004 0.114 0.001 0.000 0.000 0.000 0.858 0.006
0.031 0.005 0.006 0.011 0.390 0.001 0.000 0.000 0.000 0.539 0.017
0.057 0.002 0.005 0.019 0.586 0.001 0.000 0.000 0.000 0.306 0.023
0.112 0.003 0.004 0.039 0.187 0.001 0.000 0.000 0.000 0.536 0.117
0.030 0.001 0.001 0.008 0.071 0.001 0.000 0.000 0.000 0.847 0.041
0.027 0.001 0.001 0.006 0.059 0.001 0.000 0.000 0.000 0.894 0.013
0.063 0.002 0.002 0.011 0.126 0.001 0.000 0.000 0.000 0.750 0.045
0.021 0.001 0.001 0.003 0.058 0.000 0.000 0.000 0.000 0.897 0.018
0.083 0.003 0.003 0.015 0.215 0.001 0.000 0.000 0.000 0.567 0.112
0.196 0.004 0.007 0.039 0.169 0.001 0.000 0.000 0.000 0.209 0.376
0.150 0.003 0.002 0.037 0.091 0.002 0.000 0.000 0.000 0.469 0.247
0.021 0.000 0.001 0.004 0.065 0.000 0.000 0.000 0.000 0.863 0.045
0.000 0.000 0.000 0.000 0.000 0.000 0.000 0.000 0.000 1.000 0.000
0.000 0.000 0.000 0.000 0.000 0.000 0.000 0.000 0.000 1.000 0.000
0.000 0.000 0.001 0.000 0.000 0.000 0.000 0.000 0.000 0.999 0.000
0.000 0.000 0.000 0.000 0.000 0.000 0.000 0.000 0.000 1.000 0.000
0.000 0.000 0.000 0.000 0.000 0.000 0.000 0.000 0.000 1.000 0.000
0.000 0.000 0.000 0.000 0.000 0.000 0.000 0.000 0.000 1.000 0.000
0.000 0.000 0.000 0.000 0.000 0.000 0.000 0.000 0.000 1.000 0.000
0.000 0.000 0.000 0.000 0.000 0.000 0.000 0.000 0.000 1.000 0.000
0.000 0.001 0.000 0.000 0.000 0.000 0.000 0.000 0.000 0.998 0.000
0.000 0.000 0.000 0.000 0.000 0.000 0.000 0.000 0.000 1.000 0.000
0.000 0.000 0.000 0.000 0.000 0.000 0.000 0.000 0.000 1.000 0.000
0.000 0.000 0.000 0.000 0.000 0.000 0.000 0.000 0.000 1.000 0.000
0.000 0.001 0.000 0.000 0.000 0.000 0.000 0.000 0.000 0.999 0.000
0.000 0.001 0.000 0.000 0.001 0.000 0.000 0.000 0.000 0.997 0.000
0.004 0.005 0.010 0.001 0.040 0.000 0.000 0.000 0.000 0.938 0.003
0.004 0.002 0.009 0.001 0.033 0.000 0.000 0.000 0.000 0.945 0.005
0.005 0.001 0.005 0.002 0.100 0.000 0.000 0.000 0.000 0.876 0.011
0.024 0.001 0.002 0.003 0.091 0.000 0.000 0.000 0.000 0.838 0.040
0.012 0.002 0.002 0.004 0.131 0.000 0.000 0.000 0.000 0.832 0.017
0.004 0.000 0.002 0.001 0.109 0.000 0.000 0.000 0.000 0.881 0.003
0.168 0.016 0.023 0.024 0.275 0.002 0.000 0.000 0.000 0.222 0.269
0.168 0.014 0.201 0.094 0.281 0.006 0.000 0.000 0.000 0.147 0.087
0.176 0.004 0.005 0.006 0.255 0.001 0.000 0.000 0.000 0.262 0.291
0.151 0.003 0.004 0.006 0.096 0.000 0.000 0.000 0.000 0.508 0.232
0.137 0.006 0.010 0.036 0.286 0.002 0.000 0.000 0.000 0.408 0.115
0.164 0.004 0.023 0.054 0.515 0.003 0.000 0.000 0.000 0.070 0.168
0.001 0.000 0.000 0.000 0.009 0.000 0.000 0.000 0.000 0.990 0.000
0.000 0.000 0.000 0.000 0.003 0.000 0.000 0.000 0.000 0.996 0.000
0.001 0.000 0.001 0.000 0.029 0.000 0.000 0.000 0.000 0.967 0.001
0.001 0.000 0.001 0.000 0.012 0.000 0.000 0.000 0.000 0.986 0.001
0.002 0.000 0.002 0.000 0.011 0.000 0.000 0.000 0.000 0.983 0.001
0.001 0.000 0.000 0.000 0.002 0.000 0.000 0.000 0.000 0.996 0.001
0.003 0.000 0.000 0.000 0.001 0.000 0.000 0.000 0.000 0.993 0.003
0.004 0.000 0.000 0.000 0.004 0.000 0.000 0.000 0.000 0.986 0.006
0.004 0.000 0.000 0.000 0.006 0.000 0.000 0.000 0.000 0.984 0.006
0.002 0.000 0.000 0.000 0.004 0.000 0.000 0.000 0.000 0.992 0.002
0.002 0.000 0.000 0.000 0.003 0.000 0.000 0.000 0.000 0.994 0.001
0.001 0.000 0.000 0.000 0.003 0.000 0.000 0.000 0.000 0.995 0.001
0.000 0.000 0.000 0.000 0.001 0.000 0.000 0.000 0.000 0.999 0.000
0.000 0.000 0.000 0.000 0.003 0.000 0.000 0.000 0.000 0.996 0.000
0.003 0.000 0.000 0.000 0.016 0.000 0.000 0.000 0.000 0.978 0.002
0.001 0.000 0.000 0.000 0.005 0.000 0.000 0.000 0.000 0.994 0.000
0.001 0.000 0.000 0.000 0.012 0.000 0.000 0.000 0.000 0.984 0.001
0.002 0.001 0.000 0.001 0.026 0.000 0.000 0.000 0.000 0.969 0.001
0.007 0.001 0.004 0.002 0.135 0.000 0.000 0.000 0.000 0.844 0.006
0.004 0.001 0.003 0.001 0.036 0.000 0.000 0.000 0.000 0.953 0.002
0.050 0.002 0.001 0.014 0.069 0.002 0.000 0.000 0.000 0.844 0.018
0.031 0.001 0.001 0.004 0.075 0.000 0.000 0.000 0.000 0.874 0.014
0.164 0.005 0.004 0.047 0.224 0.009 0.000 0.000 0.000 0.382 0.166
0.176 0.008 0.004 0.020 0.151 0.002 0.000 0.000 0.000 0.065 0.572
0.035 0.002 0.002 0.010 0.807 0.001 0.000 0.000 0.000 0.112 0.031
0.058 0.003 0.002 0.015 0.455 0.002 0.000 0.000 0.000 0.381 0.082
0.020 0.001 0.000 0.005 0.082 0.001 0.000 0.000 0.000 0.877 0.014
0.087 0.003 0.005 0.012 0.295 0.002 0.000 0.000 0.000 0.533 0.063
0.157 0.005 0.003 0.090 0.093 0.005 0.000 0.000 0.000 0.013 0.635
0.252 0.005 0.003 0.021 0.312 0.003 0.000 0.000 0.000 0.075 0.330
0.185 0.010 0.007 0.039 0.393 0.003 0.000 0.000 0.000 0.176 0.187
0.072 0.064 0.009 0.032 0.336 0.003 0.000 0.000 0.000 0.383 0.100
0.241 0.032 0.010 0.036 0.214 0.003 0.000 0.000 0.000 0.149 0.314
0.110 0.045 0.004 0.040 0.447 0.004 0.000 0.000 0.000 0.168 0.182
0.156 0.148 0.007 0.097 0.230 0.008 0.000 0.000 0.000 0.108 0.247
0.276 0.117 0.006 0.115 0.082 0.009 0.000 0.000 0.000 0.023 0.371
0.281 0.003 0.002 0.191 0.107 0.008 0.000 0.000 0.000 0.014 0.394
0.047 0.001 0.002 0.011 0.757 0.001 0.000 0.000 0.000 0.148 0.032
0.092 0.002 0.002 0.025 0.761 0.003 0.000 0.000 0.000 0.064 0.051
0.056 0.003 0.002 0.008 0.141 0.001 0.000 0.000 0.000 0.702 0.086
0.030 0.001 0.002 0.003 0.293 0.001 0.000 0.000 0.000 0.639 0.030
0.053 0.011 0.014 0.020 0.486 0.002 0.000 0.000 0.000 0.341 0.072
0.089 0.002 0.011 0.015 0.617 0.003 0.000 0.000 0.000 0.156 0.107
0.007 0.001 0.001 0.002 0.070 0.000 0.000 0.000 0.000 0.916 0.004
0.003 0.000 0.000 0.001 0.022 0.000 0.000 0.000 0.000 0.973 0.001
0.004 0.000 0.000 0.001 0.049 0.000 0.000 0.000 0.000 0.944 0.002
0.013 0.001 0.003 0.005 0.401 0.000 0.000 0.000 0.000 0.557 0.021
0.010 0.001 0.001 0.004 0.043 0.000 0.000 0.000 0.000 0.927 0.014
0.003 0.001 0.001 0.001 0.024 0.000 0.000 0.000 0.000 0.967 0.003
0.004 0.001 0.001 0.001 0.032 0.000 0.000 0.000 0.000 0.954 0.006
0.001 0.000 0.000 0.000 0.010 0.000 0.000 0.000 0.000 0.987 0.001
0.007 0.002 0.005 0.002 0.107 0.000 0.000 0.000 0.000 0.868 0.010
0.002 0.001 0.001 0.001 0.047 0.000 0.000 0.000 0.000 0.946 0.003
0.001 0.000 0.000 0.000 0.013 0.000 0.000 0.000 0.000 0.985 0.000
0.001 0.000 0.000 0.000 0.011 0.000 0.000 0.000 0.000 0.987 0.001
0.000 0.000 0.000 0.000 0.008 0.000 0.000 0.000 0.000 0.991 0.000
0.001 0.000 0.000 0.000 0.014 0.000 0.000 0.000 0.000 0.983 0.001
0.000 0.000 0.000 0.000 0.005 0.000 0.000 0.000 0.000 0.994 0.000
0.003 0.001 0.001 0.001 0.047 0.000 0.000 0.000 0.000 0.944 0.003
0.002 0.001 0.001 0.000 0.040 0.000 0.000 0.000 0.000 0.955 0.002
0.002 0.000 0.000 0.000 0.022 0.000 0.000 0.000 0.000 0.974 0.001
0.002 0.000 0.001 0.000 0.039 0.000 0.000 0.000 0.000 0.956 0.002
0.005 0.001 0.002 0.000 0.057 0.000 0.000 0.000 0.000 0.934 0.002
0.006 0.001 0.001 0.000 0.053 0.000 0.000 0.000 0.000 0.937 0.002
0.004 0.001 0.000 0.001 0.038 0.000 0.000 0.000 0.000 0.952 0.004
0.001 0.000 0.000 0.000 0.006 0.000 0.000 0.000 0.000 0.993 0.000
0.002 0.001 0.001 0.000 0.039 0.000 0.000 0.000 0.000 0.957 0.001
0.001 0.000 0.000 0.000 0.006 0.000 0.000 0.000 0.000 0.993 0.000
0.001 0.000 0.000 0.000 0.016 0.000 0.000 0.000 0.000 0.983 0.000
0.000 0.000 0.000 0.000 0.004 0.000 0.000 0.000 0.000 0.996 0.000
0.000 0.000 0.000 0.000 0.007 0.000 0.000 0.000 0.000 0.992 0.000
0.001 0.000 0.000 0.000 0.022 0.000 0.000 0.000 0.000 0.976 0.001
0.000 0.000 0.000 0.000 0.004 0.000 0.000 0.000 0.000 0.995 0.000
0.001 0.000 0.000 0.000 0.006 0.000 0.000 0.000 0.000 0.993 0.000
0.000 0.000 0.000 0.000 0.002 0.000 0.000 0.000 0.000 0.998 0.000
0.000 0.000 0.000 0.000 0.006 0.000 0.000 0.000 0.000 0.994 0.000
0.000 0.000 0.000 0.000 0.006 0.000 0.000 0.000 0.000 0.993 0.000
0.000 0.000 0.000 0.000 0.000 0.000 0.000 0.000 0.000 0.999 0.000
0.000 0.000 0.000 0.000 0.000 0.000 0.000 0.000 0.000 1.000 0.000
0.001 0.001 0.000 0.000 0.001 0.000 0.000 0.000 0.000 0.997 0.001
0.001 0.003 0.000 0.000 0.001 0.000 0.000 0.000 0.000 0.994 0.001
0.000 0.000 0.000 0.000 0.000 0.000 0.000 0.000 0.000 1.000 0.000
0.000 0.001 0.000 0.000 0.001 0.000 0.000 0.000 0.000 0.998 0.000
0.000 0.000 0.000 0.000 0.001 0.000 0.000 0.000 0.000 0.999 0.000
0.000 0.000 0.000 0.000 0.001 0.000 0.000 0.000 0.000 0.998 0.000
0.001 0.003 0.000 0.000 0.002 0.000 0.000 0.000 0.000 0.992 0.001
0.000 0.000 0.000 0.000 0.000 0.000 0.000 0.000 0.000 0.999 0.000
0.001 0.002 0.001 0.000 0.003 0.000 0.000 0.000 0.000 0.993 0.000
0.121 0.003 0.003 0.003 0.099 0.001 0.000 0.000 0.000 0.551 0.219
0.004 0.000 0.000 0.000 0.002 0.000 0.000 0.000 0.000 0.987 0.006
0.032 0.001 0.001 0.001 0.009 0.000 0.000 0.000 0.000 0.938 0.018
0.103 0.005 0.009 0.012 0.070 0.001 0.000 0.000 0.000 0.636 0.163
0.043 0.002 0.002 0.004 0.033 0.000 0.000 0.000 0.000 0.862 0.054
0.152 0.004 0.003 0.042 0.353 0.008 0.000 0.000 0.000 0.306 0.131
0.192 0.011 0.017 0.030 0.365 0.002 0.000 0.000 0.000 0.090 0.293
0.072 0.002 0.008 0.010 0.686 0.002 0.000 0.000 0.000 0.136 0.085
0.010 0.000 0.000 0.001 0.049 0.000 0.000 0.000 0.000 0.933 0.005
0.021 0.001 0.002 0.006 0.180 0.000 0.000 0.000 0.000 0.774 0.016
0.036 0.002 0.003 0.007 0.132 0.001 0.000 0.000 0.000 0.811 0.009
0.007 0.000 0.001 0.001 0.097 0.000 0.000 0.000 0.000 0.891 0.003
0.269 0.007 0.004 0.010 0.199 0.001 0.000 0.000 0.000 0.063 0.446
0.207 0.002 0.007 0.031 0.368 0.002 0.000 0.000 0.000 0.292 0.091
0.023 0.009 0.003 0.006 0.196 0.002 0.000 0.000 0.000 0.723 0.037
0.102 0.010 0.006 0.018 0.254 0.003 0.000 0.000 0.000 0.289 0.319
0.146 0.006 0.006 0.035 0.084 0.002 0.000 0.000 0.000 0.041 0.682
0.128 0.004 0.004 0.030 0.111 0.003 0.000 0.000 0.000 0.058 0.662
0.043 0.001 0.003 0.004 0.540 0.001 0.000 0.000 0.000 0.384 0.025
0.050 0.004 0.003 0.004 0.375 0.001 0.000 0.000 0.000 0.442 0.121
0.001 0.000 0.000 0.000 0.011 0.000 0.000 0.000 0.000 0.986 0.001
0.003 0.001 0.001 0.001 0.042 0.000 0.000 0.000 0.000 0.950 0.003
0.006 0.001 0.007 0.002 0.166 0.000 0.000 0.000 0.000 0.811 0.007
0.024 0.005 0.016 0.010 0.150 0.000 0.000 0.000 0.000 0.784 0.010
0.123 0.007 0.005 0.037 0.251 0.005 0.000 0.000 0.000 0.524 0.049
0.044 0.011 0.002 0.010 0.234 0.001 0.000 0.000 0.000 0.598 0.101
0.058 0.089 0.016 0.036 0.457 0.003 0.000 0.000 0.000 0.191 0.149
0.113 0.030 0.011 0.033 0.360 0.004 0.000 0.000 0.000 0.226 0.222
0.155 0.005 0.012 0.056 0.540 0.003 0.000 0.000 0.000 0.062 0.166
0.165 0.006 0.008 0.063 0.453 0.006 0.000 0.000 0.000 0.177 0.121
0.161 0.007 0.018 0.051 0.398 0.003 0.000 0.000 0.000 0.072 0.291
0.211 0.008 0.008 0.025 0.266 0.002 0.000 0.000 0.000 0.039 0.440
0.168 0.008 0.013 0.018 0.128 0.002 0.000 0.000 0.000 0.162 0.503
0.220 0.003 0.002 0.010 0.054 0.000 0.000 0.000 0.000 0.091 0.620
0.104 0.004 0.005 0.017 0.124 0.001 0.000 0.000 0.000 0.103 0.643
0.154 0.008 0.011 0.034 0.321 0.002 0.000 0.000 0.000 0.079 0.392
0.125 0.002 0.002 0.014 0.510 0.002 0.000 0.000 0.000 0.225 0.119
0.075 0.003 0.002 0.009 0.391 0.001 0.000 0.000 0.000 0.478 0.041
0.046 0.002 0.002 0.008 0.161 0.001 0.000 0.000 0.000 0.748 0.032
0.022 0.001 0.002 0.004 0.097 0.000 0.000 0.000 0.000 0.854 0.019
0.048 0.004 0.013 0.014 0.310 0.002 0.000 0.000 0.000 0.549 0.060
0.003 0.000 0.001 0.001 0.049 0.000 0.000 0.000 0.000 0.943 0.002
0.003 0.000 0.004 0.000 0.089 0.000 0.000 0.000 0.000 0.902 0.002
0.003 0.001 0.005 0.000 0.043 0.000 0.000 0.000 0.000 0.946 0.003
0.002 0.001 0.005 0.000 0.024 0.000 0.000 0.000 0.000 0.966 0.003
0.003 0.001 0.011 0.001 0.016 0.000 0.000 0.000 0.000 0.967 0.002
0.004 0.001 0.002 0.000 0.014 0.000 0.000 0.000 0.000 0.976 0.003
0.002 0.001 0.001 0.000 0.004 0.000 0.000 0.000 0.000 0.992 0.001
0.000 0.000 0.000 0.000 0.001 0.000 0.000 0.000 0.000 0.999 0.000
0.000 0.000 0.000 0.000 0.001 0.000 0.000 0.000 0.000 0.999 0.000
0.000 0.000 0.000 0.000 0.000 0.000 0.000 0.000 0.000 0.999 0.000
0.000 0.000 0.000 0.000 0.000 0.000 0.000 0.000 0.000 1.000 0.000
0.000 0.000 0.000 0.000 0.000 0.000 0.000 0.000 0.000 1.000 0.000
0.000 0.000 0.000 0.000 0.001 0.000 0.000 0.000 0.000 0.998 0.000
0.000 0.000 0.000 0.000 0.000 0.000 0.000 0.000 0.000 1.000 0.000
0.000 0.001 0.000 0.000 0.000 0.000 0.000 0.000 0.000 0.999 0.000
0.000 0.000 0.000 0.000 0.000 0.000 0.000 0.000 0.000 1.000 0.000
0.000 0.000 0.000 0.000 0.000 0.000 0.000 0.000 0.000 1.000 0.000
0.002 0.002 0.001 0.001 0.017 0.000 0.000 0.000 0.000 0.973 0.004
0.016 0.006 0.005 0.004 0.081 0.000 0.000 0.000 0.000 0.866 0.021
0.042 0.008 0.004 0.004 0.163 0.000 0.000 0.000 0.000 0.654 0.124
0.069 0.001 0.000 0.000 0.113 0.000 0.000 0.000 0.000 0.717 0.100
0.005 0.000 0.000 0.000 0.006 0.000 0.000 0.000 0.000 0.983 0.006
0.005 0.000 0.000 0.000 0.006 0.000 0.000 0.000 0.000 0.985 0.004
0.002 0.000 0.000 0.000 0.006 0.000 0.000 0.000 0.000 0.991 0.001
0.001 0.000 0.000 0.000 0.001 0.000 0.000 0.000 0.000 0.997 0.000
0.002 0.000 0.000 0.000 0.001 0.000 0.000 0.000 0.000 0.997 0.000
0.006 0.000 0.000 0.000 0.004 0.000 0.000 0.000 0.000 0.987 0.003
0.007 0.000 0.000 0.000 0.006 0.000 0.000 0.000 0.000 0.985 0.002
0.006 0.000 0.000 0.000 0.005 0.000 0.000 0.000 0.000 0.984 0.005
0.025 0.001 0.001 0.001 0.013 0.000 0.000 0.000 0.000 0.935 0.025
0.026 0.001 0.000 0.001 0.014 0.000 0.000 0.000 0.000 0.933 0.025
0.049 0.001 0.001 0.002 0.039 0.000 0.000 0.000 0.000 0.875 0.032
0.055 0.002 0.002 0.002 0.040 0.000 0.000 0.000 0.000 0.860 0.040
0.011 0.000 0.000 0.000 0.007 0.000 0.000 0.000 0.000 0.976 0.005
0.007 0.000 0.000 0.001 0.006 0.000 0.000 0.000 0.000 0.980 0.006
0.025 0.001 0.002 0.004 0.029 0.000 0.000 0.000 0.000 0.909 0.030
0.036 0.002 0.004 0.008 0.044 0.000 0.000 0.000 0.000 0.835 0.070
0.097 0.009 0.030 0.022 0.271 0.002 0.000 0.000 0.000 0.438 0.132
0.226 0.008 0.004 0.056 0.130 0.002 0.000 0.000 0.000 0.393 0.181
0.043 0.004 0.449 0.029 0.405 0.001 0.000 0.000 0.000 0.040 0.028
0.019 0.001 0.010 0.002 0.426 0.000 0.000 0.000 0.000 0.528 0.013
0.046 0.005 0.007 0.020 0.203 0.001 0.000 0.000 0.000 0.654 0.065
0.159 0.009 0.023 0.029 0.119 0.001 0.000 0.000 0.000 0.437 0.223
0.144 0.003 0.019 0.028 0.089 0.001 0.000 0.000 0.000 0.028 0.688
0.088 0.002 0.008 0.019 0.541 0.001 0.000 0.000 0.000 0.285 0.057
0.078 0.004 0.007 0.024 0.221 0.001 0.000 0.000 0.000 0.547 0.118
0.046 0.003 0.007 0.013 0.136 0.001 0.000 0.000 0.000 0.718 0.077
0.107 0.008 0.016 0.046 0.244 0.001 0.000 0.000 0.000 0.381 0.197
0.058 0.003 0.002 0.013 0.068 0.001 0.000 0.000 0.000 0.802 0.054
0.021 0.050 0.002 0.006 0.055 0.000 0.000 0.000 0.000 0.826 0.039
0.110 0.112 0.043 0.053 0.313 0.002 0.000 0.000 0.000 0.228 0.138
0.011 0.001 0.001 0.003 0.024 0.000 0.000 0.000 0.000 0.945 0.015
0.063 0.004 0.002 0.020 0.088 0.001 0.000 0.000 0.000 0.741 0.081
0.233 0.006 0.007 0.144 0.319 0.004 0.000 0.000 0.000 0.081 0.206
0.262 0.008 0.005 0.112 0.180 0.005 0.000 0.000 0.000 0.119 0.308
0.227 0.003 0.004 0.056 0.151 0.002 0.000 0.000 0.000 0.106 0.451
0.120 0.008 0.007 0.042 0.188 0.001 0.000 0.000 0.000 0.339 0.293
0.132 0.014 0.147 0.051 0.261 0.002 0.000 0.000 0.000 0.124 0.269
0.093 0.025 0.114 0.022 0.413 0.001 0.000 0.000 0.000 0.172 0.158
0.042 0.032 0.171 0.029 0.330 0.001 0.000 0.000 0.000 0.308 0.087
0.053 0.024 0.382 0.037 0.328 0.002 0.000 0.000 0.000 0.100 0.073
0.100 0.018 0.026 0.068 0.391 0.004 0.000 0.000 0.000 0.218 0.174
0.013 0.001 0.001 0.003 0.072 0.000 0.000 0.000 0.000 0.892 0.018
0.021 0.002 0.002 0.004 0.066 0.000 0.000 0.000 0.000 0.885 0.019
0.077 0.004 0.007 0.009 0.188 0.000 0.000 0.000 0.000 0.655 0.060
0.012 0.001 0.003 0.005 0.098 0.000 0.000 0.000 0.000 0.869 0.013
0.005 0.000 0.000 0.001 0.018 0.000 0.000 0.000 0.000 0.973 0.003
0.005 0.000 0.000 0.001 0.018 0.000 0.000 0.000 0.000 0.974 0.002
0.001 0.000 0.000 0.000 0.008 0.000 0.000 0.000 0.000 0.990 0.001
0.003 0.000 0.001 0.001 0.041 0.000 0.000 0.000 0.000 0.952 0.002
0.001 0.000 0.001 0.000 0.013 0.000 0.000 0.000 0.000 0.984 0.001
0.004 0.001 0.003 0.001 0.038 0.000 0.000 0.000 0.000 0.951 0.003
0.003 0.000 0.003 0.001 0.035 0.000 0.000 0.000 0.000 0.953 0.003
0.008 0.001 0.004 0.001 0.038 0.000 0.000 0.000 0.000 0.941 0.007
0.009 0.002 0.004 0.002 0.050 0.000 0.000 0.000 0.000 0.922 0.013
0.015 0.003 0.003 0.003 0.041 0.000 0.000 0.000 0.000 0.917 0.018
0.001 0.001 0.000 0.000 0.006 0.000 0.000 0.000 0.000 0.990 0.002
0.000 0.000 0.000 0.000 0.001 0.000 0.000 0.000 0.000 0.998 0.000
0.000 0.000 0.000 0.000 0.002 0.000 0.000 0.000 0.000 0.997 0.001
0.001 0.000 0.000 0.000 0.003 0.000 0.000 0.000 0.000 0.994 0.001
0.001 0.000 0.000 0.000 0.005 0.000 0.000 0.000 0.000 0.992 0.002
0.001 0.000 0.000 0.000 0.002 0.000 0.000 0.000 0.000 0.997 0.001
0.000 0.000 0.000 0.000 0.000 0.000 0.000 0.000 0.000 0.999 0.000
0.000 0.000 0.000 0.000 0.000 0.000 0.000 0.000 0.000 0.999 0.000
0.000 0.000 0.000 0.000 0.000 0.000 0.000 0.000 0.000 0.999 0.000
0.000 0.000 0.000 0.000 0.000 0.000 0.000 0.000 0.000 1.000 0.000
0.000 0.000 0.000 0.000 0.000 0.000 0.000 0.000 0.000 1.000 0.000
0.000 0.000 0.000 0.000 0.000 0.000 0.000 0.000 0.000 1.000 0.000
0.000 0.000 0.000 0.000 0.000 0.000 0.000 0.000 0.000 1.000 0.000
0.000 0.000 0.000 0.000 0.000 0.000 0.000 0.000 0.000 0.999 0.000
0.000 0.000 0.000 0.000 0.000 0.000 0.000 0.000 0.000 0.999 0.000
0.000 0.001 0.000 0.000 0.001 0.000 0.000 0.000 0.000 0.998 0.000
0.000 0.000 0.000 0.000 0.001 0.000 0.000 0.000 0.000 0.999 0.000
0.000 0.001 0.000 0.000 0.001 0.000 0.000 0.000 0.000 0.998 0.000
0.072 0.345 0.039 0.071 0.186 0.001 0.000 0.000 0.000 0.154 0.133
0.186 0.116 0.065 0.177 0.070 0.002 0.000 0.000 0.000 0.040 0.344
0.243 0.009 0.009 0.090 0.040 0.004 0.000 0.000 0.000 0.010 0.596
0.125 0.002 0.004 0.072 0.033 0.002 0.000 0.000 0.000 0.010 0.752
0.110 0.001 0.006 0.042 0.031 0.001 0.000 0.000 0.000 0.008 0.800
0.121 0.005 0.377 0.046 0.186 0.000 0.000 0.000 0.000 0.017 0.247
0.158 0.011 0.016 0.053 0.554 0.003 0.000 0.000 0.000 0.102 0.103
0.190 0.007 0.014 0.090 0.492 0.006 0.000 0.000 0.000 0.059 0.142
0.056 0.003 0.001 0.007 0.193 0.001 0.000 0.000 0.000 0.618 0.121
0.057 0.012 0.004 0.018 0.412 0.001 0.000 0.000 0.000 0.367 0.130
0.040 0.058 0.007 0.013 0.267 0.001 0.000 0.000 0.000 0.534 0.080
0.009 0.823 0.002 0.007 0.060 0.000 0.000 0.000 0.000 0.083 0.016
0.047 0.005 0.006 0.018 0.192 0.000 0.000 0.000 0.000 0.708 0.022
0.063 0.004 0.012 0.012 0.232 0.001 0.000 0.000 0.000 0.567 0.109
